                                                                                                                                          Generated by the GOODLIFT on 15th of June 2025 at 16:48 (support: goodlift.ipf@gmail.com)
                                                                                           INTERNATIONAL POWERLIFTING FEDERATION
                                                                  IPF World Men's Classic Open Powerlifting Championships, Chemnitz (Germany), 08-15.06.2025
                                                                                                      DETAILED SCORESHEET
Rnk     Name                    d.o.b.   Team   Bwt     IPF GL Cf.   Lot               All Squat                        All Bench Press                               All Deadlift                  Total      IPF GL      Pts
-59kg
 1    Campano Diaz Ivan         16.07.01 ESP    58.83    0.1657      5     200.0   210.0      215.0     2     137.5    142.5     147.5        1        247.5      265.0       275.0     1       637.5          105.65       12
 2    Garcia Antoine            07.09.95 FRA    58.75    0.1658      8     210.0   225.0      230.0     1     127.5    132.5     135.0        4        235.0      245.0       250.0     4       610.0          101.17        9
 3    Nyarko Kwaku              27.03.02 ISV    58.18    0.1667      11    205.0   212.5      217.5     3     125.0    127.5     135.0        6        225.0      247.5       260.0     3       587.5          97.95         8
 4    Siong Bryann              03.09.98 FRA    58.88    0.1657      4     200.0   210.0      210.0     4     115.0    120.0     125.0        7        250.0      250.0       265.0     2       575.0          95.25         7
 5    Dickson Giang             08.09.99 CAN    58.86    0.1657      9     185.0   185.0      192.5     9     130.0    130.0     140.0        5        230.0      240.0       240.0     6       552.5          91.54        6
 6    Yoshioka Kyosuke          12.03.99 JPN    58.77    0.1658      10    195.0   210.0      215.0     6     135.0    140.0     145.0        2        205.0      225.0       235.0     10      545.0          90.37        5
 7    Lee Chee Wan              17.11.97 SGP    58.74    0.1659      12    172.5   185.0      192.5     8     112.5    120.0     125.0        8        197.5      215.0       225.0     7       537.5          89.15        4
 8    Huang Wei-Chen            26.07.05 TPE    58.41    0.1664       6    192.5   197.5      200.0     5     112.5    117.5     117.5        9        220.0      235.0       235.0     8       535.0          89.01        3
 9    Louie Dion                08.05.94 NZL    58.68    0.1660       3    162.5   167.5      170.0     10    90.0     97.5      102.5        10       230.0      242.5       250.0     5       512.5          85.05        2
10 Senumong Kasemsand           20.02.95 THA    58.96    0.1655      7     160.0   165.0      165.0     11    135.0    140.0     142.5        3        170.0      205.0       205.0     11      470.0          77.80        1
11 Ieong Manteng                06.11.85 CHN    58.03    0.1669      1     120.0   130.0      135.0     12    70.0     70.0      75.0         11       120.0      130.0       145.0     12      350.0          58.43        1
— Hsieh Hsin-Mu                 30.06.96 TPE    58.64    0.1660      2     185.0   192.5      200.0     7     140.0    140.0     140.0        —        205.0      212.5       215.0     9       DSQ              —          —
-66kg
 1 Bakkelund Kjell Egil         18.07.88 NOR    65.85    0.1561      19    235.0   242.5      247.5     2     177.5    185.0     190.0        1        290.0      305.0       310.0     1       742.5          115.88       12
 2    Jackson Avery             05.10.97 USA    65.63    0.1563       4    242.5   257.5      262.5     1     142.5    152.5     155.0        6        265.0      282.5       287.5     3       700.0          109.44       9
 3    Jimenez Santos            20.06.92 MEX    65.94    0.1560       3    210.0   222.5      227.5     6     162.5    170.0     175.0        2        272.5      287.5       300.0     4       685.0          106.83       8
 4    Satake Yusuke             04.06.96 JPN    65.92    0.1560      10    237.5   245.0      257.5     4     155.0    162.5     165.0        5        255.0      270.0       277.5     8       677.5          105.68       7
 5    Koh Xin Miao              11.07.98 SGP    65.84    0.1561      14    210.0   230.0      245.0     3     130.0    137.5     145.0        9        242.5      262.5       270.0     7       660.0          103.02       6
 6    Yip Chris                 22.07.98 AUS    65.97    0.1559      5     205.0   215.0      222.5     12    132.5    137.5     142.5        11       280.0      302.5       318.0     2       660.0          102.91       5
 7    Catena Joel Christopher   15.01.96 AUT    65.41    0.1566      12    220.0   232.5      240.0     5     155.0    162.5     167.5        4        242.5      255.0       262.5     12      657.5          102.98       4
 8    Vigouroux Brandon         29.12.98 FRA    66.00    0.1559      11    202.5   212.5      215.0     13    165.0    170.0     170.0        3        240.0      260.0       265.0     9       645.0          100.55       3
 9    Liatsis Marios            29.06.00 GRE    65.44    0.1566      15    220.0   227.5      227.5     7     127.5    135.0     140.0        12       262.5      282.5       290.0     5       642.5          100.61       2
10    Passarelli Marco          18.07.96 ITA    65.49    0.1565       8    200.0   210.0      217.5     10    145.0    150.0     155.0        7        247.5      260.0       270.0     6       637.5          99.79        1
11 Patil Malhar                 17.02.95 CAN    65.92    0.1560      18    207.5   220.0      227.5     9     140.0    145.0     147.5        10       250.0      257.5       262.5     10      627.5          97.88        1
12 Smulders Eric           21.06.89 THA         65.56    0.1564       7    205.0   217.5      225.0     11    135.0    142.5     145.0        8        255.0      255.0       270.0     13      617.5          96.60        1
13 Jose Tomas Merino Herrera
                           10.04.95 CHI         65.74    0.1562      17    215.0   220.0      220.0     8     130.0    137.5     140.0        13       232.5      242.5       250.0     14      610.0          95.29        1
14 Lin Ching-Lun                21.02.91 TPE    65.89    0.1560      16    170.0   190.0      200.0     16    125.0    132.5     140.0        14       225.0      250.0       260.0     11      600.0          93.61        1
15 Lima Eudson                  06.11.85 BRA    65.45    0.1566       2    195.0   202.5      205.0     17    122.5    127.5     130.0        15       210.0      230.0       257.5     16      555.0          86.90        1
16 Marecki Mateusz              01.01.97 POL    65.83    0.1561      13    185.0   195.0      202.5     14    97.5     97.5      105.0        17       247.5      247.5       255.0     15      555.0          86.63        1
17 Michael-Steyn Nathan         01.05.83 RSA    65.42    0.1566       9    180.0   195.0      200.0     15    105.0    112.5     120.0        16       195.0      215.0       227.5     17      527.5          82.61        1
-74kg
 1    Perkins Austin            25.04.99 USA    73.81    0.1470      12    302.5   317.5      323.5     1     192.5    200.0     205.0        2        325.0      335.0        X        1       842.5          123.85       12
 2    Fan Chun-Chia             04.09.99 TPE    73.94    0.1469       9    235.0   247.5      255.0     8     202.5    215.5-w   217.5        1        282.5      302.5       310.0     5       773.0          113.53        9
 3    Wright Joshua             30.08.86 GER    73.49    0.1473       1    230.0   242.5      250.0     11    177.5    185.0     190.0        4        292.5      307.5       310.0     2       737.5          108.66        8
 4    Lee Clinton               08.03.93 SGP    73.59    0.1472       5    245.0   262.5      270.0     5     162.5    167.5     172.5        8        282.5      297.5       302.5     4       737.5          108.59        7
 5    Babaei-Somaghi Keyan      20.03.00 AUS    73.70    0.1471      18    247.5   262.5      270.0     6     167.5    172.5     175.0        6        265.0      282.5       292.5     7       730.0          107.40        6
 6    Sichone Kavwa             27.12.89 NZL    73.46    0.1474      20    242.5   255.0      265.0     7     165.0    172.5     175.0        7        285.0      295.0       305.0     6       722.5          106.47        5
 7    Sucitra Leonardo          21.08.95 AUS    73.67    0.1472      14    245.0   260.0      270.0     4     152.5    160.0     165.0        9        280.0      300.0       300.0     8       715.0          105.21       4
 8    Konstantinou Christos     23.07.93 CYP    73.36    0.1475       6    255.0   265.0      272.5     2     145.0    152.5     157.5        12       265.0      275.0       285.0     10      705.0          103.97       3
 9    Al Lanqawi Adel           21.06.99 SUI    73.93    0.1469       3    215.0   222.5      225.0     17    165.0    172.5     177.5        5        285.0      305.0       312.5     3       705.0          103.55       2

                                                                                                                                                                                                                                 1
10 Strachan John             17.03.88 NZL    73.51   0.1473   7    225.0   235.0   240.0   12   157.5   162.5   167.5    10    265.0   277.5   277.5   9    680.0      100.18   1
11 Kawashima Tatsuya         26.01.93 JPN    73.63   0.1472   2    235.0   245.0   250.0   10   185.0   192.5   202.5    3     225.0   225.0   257.5   22   667.5      98.25    1
12 Adeoye Olanrewaju         13.04.96 CAN    73.91   0.1469   8    265.0   270.0   272.5   3    140.0   145.0   147.5    17    245.0   275.0   275.0   16   662.5      97.32    1
13 Barquin Diego             14.04.01 URU    72.49   0.1484   4    225.0   240.0   250.0   9    147.5   155.0   160.0    11    230.0   250.0   260.0   14   660.0      97.94    1
14 Karout Shiva              26.12.89 LBN    73.41   0.1474   16   220.0   230.0   237.5   13   140.0   147.5   150.0    16    230.0   245.0   262.5   11   650.0      95.82    1
15 Jost Alain                11.09.97 SUI    73.77   0.1470   22   210.0   225.0   232.5   15   152.5   157.5   160.0    13    255.0   275.0   275.0   12   645.0      94.85    1
16 P Vinoth                  07.01.95 SGP    73.09   0.1478   23   235.0   250.0   250.0   14   142.5   150.0   152.5    15    250.0   270.0   270.0   15   635.0      93.83    1
17 Farrugia Shawn            14.10.93 MLT    73.07   0.1478   17   202.5   217.5   230.0   16   130.0   130.0   140.0    20    215.0   235.0   250.0   18   595.0      87.93    1
18 Liao Chien-Tang           05.11.93 TPE    73.97   0.1468   10   170.0   180.0   190.0   22   140.0   150.0   157.5    14    200.0   217.5   230.0   21   577.5      84.80    1
19   Blacha Dawid            01.01.94 POL    73.13   0.1477   11   185.0   195.0   205.0   19   130.0   137.5   142.5    18    210.0   230.0   242.5   20   567.5      83.83    1
20   Babic Luka              06.08.02 CRO    73.92   0.1469   13   200.0   200.0   205.0   18   112.5   117.5   122.5    22    225.0   235.0   235.0   19   557.5      81.89    1
21   Savva Ioannis           31.07.97 CYP    72.83   0.1480   15   185.0   192.5   195.0   20   115.0   120.0   125.0    21    225.0   235.0   240.0   17   547.5      81.05    1
22   Wu Zeyue                28.09.98 CHN    72.15   0.1488   21   170.0   180.0   192.5   23   100.0   102.5   110.0    23    235.0   252.5   252.5   13   542.5      80.70    1
—    Siltala Sami            29.09.72 FIN    73.71   0.1471   19   180.0   190.0    X      21   122.5   130.0   132.5    19    240.0   262.5    X      —    DSQ         —       —
-83kg
 1 Borenstein Joseph         25.11.02 USA    82.84   0.1386    8   275.0   292.5   302.5   3    202.5   212.5   215.0-wj,wbj
                                                                                                                          1    332.5   357.5   372.5   2    890.0 -w   123.32   12
 2 Kengamu Jurins            30.11.88 GBR    82.77   0.1386   10   292.5   310.0   317.5   1    182.5   190.0   197.5     6    325.0   345.0   357.5   3    857.5      118.87    9
 3 Omisakin Ade              03.08.98 GBR    82.79   0.1386   39   282.5   300.0   310.0   2    177.5   187.5   195.0     4    337.5   367.5   385.0   7    842.5      116.77    8
 4 Asein Enahoro             15.12.99 HUN    82.66   0.1387   18   280.0   292.5   292.5   5    152.5   160.0   162.5     28   372.5   400.5   402.5   1    827.5      114.79    7
5    Hotsonyame Kafui        11.12.93 CAN    82.21   0.1391   5    275.0   290.0   290.0   7    172.5   180.0   185.0    8     312.5   330.0   335.0   8    810.0      112.67   6
6    Johansson Carl           27.10.00 SWE   82.75   0.1386   29   267.5   280.0   285.0   14   182.5   190.0   195.0    3     305.0   325.0   332.5   9    807.5      111.95   5
7    Figueroa Contreras Jose Matias
                              13.12.94 CHI   82.16   0.1391   42   270.0   290.0   290.0   6    180.0   190.0   195.0    2     265.0   285.0   300.0   20   785.0      109.23   4
8    Rembauville Paul         01.02.97 FRA   82.52   0.1388    2   275.0   290.0   295.0   8    160.0   165.0   170.0    21    295.0   325.0   330.0   11   785.0      108.98   3
9    Monigatti Timothy        06.12.96 NZL   82.48   0.1389   41   280.0   295.0   302.5   4    170.0   175.0   180.0    13    305.0   305.0   352.5   18   780.0      108.32   2
10 Parisot Guillaume         26.06.99 FRA    82.99   0.1384   17   270.0   270.0   270.0   20   167.5   175.0   180.0    14    300.0   325.0   337.5   12   775.0      107.29   1
11 Ly Kevin                  12.05.96 AUS    82.77   0.1386   22   260.0   272.5   277.5   17   172.5   180.0   182.5    10    287.5   305.0   312.5   15   772.5      107.08   1
12 Tyrrell Dominic           12.05.00 GUY    82.80   0.1386   31   252.5   267.5   275.0   21   155.0   162.5   165.0    25    320.0   340.0   345.0   6    772.5      107.06   1
13 Veenhof Arnold            28.01.98 NED    83.00   0.1384   27   270.0   282.5   290.0   9    170.0   177.5   182.5    11    285.0   297.5   307.5   22   770.0      106.59   1
14 Ampofo Zachariah          12.12.94 GER    82.89   0.1385   25   242.5   252.5   257.5   32   155.0   160.0   162.5    30    325.0   345.0   352.5   4    767.5      106.31   1
15 Rosskamp Sascha           23.01.91 GER    82.32   0.1390   11   245.0   257.5   265.0   22   167.5   175.0   180.0    12    290.0   307.5   320.0   13   765.0      106.34   1
16 Messina Alessandro        06.03.95 ITA    82.42   0.1389   15   245.0   255.0   257.5   28   157.5   165.0   170.0    20    315.0   330.0   340.0   5    765.0      106.27   1
17 Kuerzi Patrick            22.01.99 SUI    82.19   0.1391   19   245.0   260.0   272.5   19   175.0   185.0   192.5    7     275.0   305.0   310.0   17   762.5      106.08   1
18 Pelikan Jakub             07.07.01 CZE    82.23   0.1391   33   260.0   280.0   280.0   13   180.0   187.5   192.5    5     265.0   280.0   285.0   32   752.5      104.66   1
19 Petersson Robin           06.12.91 SWE    82.63   0.1387   26   270.0   287.5   297.5   11   167.5   175.0   177.5    16    275.0   285.0   285.0   30   750.0      104.06   1
20 Hladik Martin             24.03.94 CZE    82.82   0.1386   36   245.0   255.0   265.0   23   150.0   157.5   162.5    29    280.0   300.0   317.5   14   745.0      103.24   1
21 Yamashita Kanta           05.04.99 JPN    82.56   0.1388   20   267.5   280.0   287.5   10   172.5   172.5   177.5    19    280.0   280.0   280.0   33   740.0      102.71   1
22 Kloch Mathias             05.01.95 DEN    82.94   0.1385   6    255.0   265.0   277.5   18   155.0   165.0   170.0    24    270.0   287.5   292.5   26   740.0      102.47   1
23 Duane Adam                24.10.01 IRL    82.24   0.1391   7    270.0   285.0   292.5   12   167.5   175.0   177.5    15    270.0   280.0   285.0   37   732.5      101.87   1
24 de Buck Elias             08.11.96 BEL    82.45   0.1389   4    240.0   252.5   257.5   26   167.5   175.0   182.5    9     262.5   282.5   287.5   29   727.5      101.04   1
25 Boulos Christophe         20.08.96 QAT    82.90   0.1385   1    265.0   280.0   290.0   15   145.0   152.5   157.5    34    275.0   290.0   300.0   28   727.5      100.77   1
26 Bogam Harishkumar         12.06.97 IND    82.98   0.1384   13   257.5   270.0   280.0   16   130.0   137.5   140.0    39    287.5   300.0   307.5   21   720.0      99.68    1
27   Kraujutowicz Grzegorz   01.01.93 POL    82.64   0.1387   35   255.0   267.5   267.5   30   160.0   170.0   177.5    23    270.0   290.0   300.0   27   715.0      99.19    1
28   Milicia Dario           01.01.01 ITA    82.98   0.1384    9   260.0   260.0   267.5   24   175.0   175.0   175.0    18    280.0   292.5   292.5   34   715.0      98.99    1
29   Hlynsson Fridbjorn      26.09.91 ISL    82.75   0.1386   28   235.0   247.5   257.5   27   145.0   152.5   157.5    33    277.5   292.5   292.5   25   707.5      98.09    1
30   Kocar Denis             29.07.00 SLO    82.55   0.1388   23   237.5   252.5   252.5   31   162.5   170.0   175.0    22    260.0   275.0   282.5   35   697.5      96.82    1
31   Schippers Kevin         07.09.01 BEL    82.53   0.1388   21   235.0   250.0   255.0   29   132.5   140.0   142.5    38    275.0   295.0   302.5   23   692.5      96.14    1

                                                                                                                                                                                     2
32 Cortes Heredia Jaime      22.11.96 ESP    82.94   0.1385   34   230.0   230.0   230.0   37   167.5   172.5     175.0   17   285.0   285.0    X         31   690.0       95.55    1
33 Artino Vasco              25.03.86 SUI    81.13   0.1400   16   205.0   215.0   230.0   36   135.0   142.5     147.5   35   275.0   295.0   307.5      16   685.0       95.92    1
34 Menezes Guilherme         09.12.95 BRA    81.98   0.1393   37   240.0   252.5   257.5   25   155.0   162.5     167.5   26   265.0   285.0   300.0      39   685.0       95.42    1
35 Yehia Moussa              17.05.89 LBN    82.99   0.1384    3   225.0   235.0   242.5   34   100.0   107.5      X      41   305.0   320.0   330.0      10   680.0       94.14    1
36 Calder-Lee Ben            10.09.01 NZL    82.09   0.1392   14   240.0   250.0   255.0   33   150.0   157.5     160.0   31   245.0   262.5   267.5      38   675.0       93.96    1
37 Christoforou Michail Angelos
                             04.10.01 CYP    81.37   0.1398   32   205.0   215.0   225.0   38   122.5   135.0     142.5   37   280.0   300.0   312.5      19   667.5       93.33    1
38 Vicevic William           05.10.92 CRO    82.33   0.1390   24   220.0   235.0   247.5   35   150.0   157.5     165.0   32   245.0   260.0   272.5      36   665.0       92.43    1
39 Bezzina Neil              15.02.94 MLT    81.99   0.1393   30   215.0   225.0   237.5   39   147.5   157.5     162.5   27   245.0   260.0   280.0      40   647.5       90.19    1
40 Zhang Yuanye              26.06.97 CHN    81.20   0.1400   38   195.0   205.0   210.0   40   117.5   125.0     132.5   40   220.0   235.0   245.0      41   587.5       82.23    1
— Santos Matheus             27.02.01 BRA    82.12   0.1392   12   262.5   262.5   262.5   —    135.0   140.0     145.0   36   285.0   292.5   297.5      24   DSQ          —       —
-93kg
 1 Krastev Emil              30.07.97 BUL    92.49   0.1312   31   297.5   312.5   315.0   3    225.0   235.0     240.0   2    340.0   355.0   362.5      5    910.0       119.37   12
 2 Hedlund Gustav            16.07.95 SWE    92.82   0.1309   41   310.0   325.0   335.0   2    207.5   217.5     222.5   3    335.0   350.0   365.0      6    897.5       117.52    9
 3 Cayco Jonathan            05.07.92 USA    92.51   0.1312   12   290.0   300.0   307.5   6    232.5   246.0-w,wb248.0   1    320.0   340.0   357.5      8    893.5       117.19    8
4    Ayandokun Christian      05.09.91 GBR   92.57   0.1311   38   290.0   305.0   312.5   4    192.5   202.5     207.5   6    325.0   345.0   374.0      7    865.0       113.42   7
5    Nouari Aimene Ibrahim El Khalil
                              04.06.02 ALG   92.25   0.1313   10   290.0   305.0   312.5   7    180.0   190.0     192.5   9    345.0   360.0   367.5-wj   1    862.5 -wj   113.28   6
6    Jean Marie Flore Guillaume
                              04.08.00 FRA   92.30   0.1313   23   287.5   300.0   302.5   10   177.5   185.0     187.5   13   342.5   360.0   360.0      2    847.5       111.28   5
7    Antwi Kwaku              11.12.96 CAN   92.66   0.1311   40   257.5   270.0   277.5   17   197.5   205.0     210.0   5    340.0   360.0   374.0      3    847.5       111.07   4
8    Balangwe Bakinien Julien 05.04.86CMR    92.59   0.1311   30   290.0   305.0   312.5   5    175.0   182.5     187.5   14   305.0   325.0   337.5      9    837.5       109.80   3
9    Ang Alexander Wei Rui   07.01.00 SGP    92.90   0.1309   1    270.0   287.5   300.0   11   170.0   177.5     180.0   23   332.5   360.0   374.0      4    837.5       109.62   2
10   Ayguen Semih            21.09.01 GER    92.88   0.1309   11   260.0   275.0   282.5   16   197.5   207.5     212.5   4    290.0   305.0   312.5      17   807.5       105.70   1
11   Madden Cian             30.11.95 IRL    92.77   0.1310   22   280.0   297.5   305.0   9    175.0   182.5     190.0   11   280.0   295.0   310.0      19   805.0       105.44   1
12   Bentalha Ilyes          20.12.93 ALG    92.39   0.1312   21   325.0   342.5   342.5   1    165.0   175.0     180.0   20   285.0   295.0   302.5      28   800.0       104.99   1
13   Jones Adam              09.02.87 AUS    92.86   0.1309    6   287.5   295.0   295.0   12   157.5   165.0     167.5   32   305.0   322.5   335.0      10   797.5       104.41   1
14 Mazzucchielli Edoardo     13.11.99 ITA    92.31   0.1313   15   290.0   290.0   290.0   14   172.5   180.0     185.0   18   300.0   320.0   335.0      14   795.0       104.38   1
15 Tsuruya Shimon            24.06.97 JPN    92.33   0.1313    5   285.0   300.0   305.0   8    160.0   167.5     170.0   29   292.5   307.5   317.5      15   792.5       104.04   1
16 Blackmore Aaron           09.09.99 IRL    92.38   0.1312    8   275.0   290.0   305.0   15   175.0   182.5     190.0   10   285.0   305.0   325.0      22   785.0       103.03   1
17 Kise Mikaele              01.02.95 SGP    92.66   0.1311   18   257.5   275.0   285.0   18   165.0   175.0     180.0   25   305.0   320.0   330.0      11   780.0       102.22   1
18 Karason Alexander         11.06.98 ISL    92.73   0.1310   25   260.0   275.0   285.0   19   187.5   195.0     200.0   7    285.0   305.0   315.0      23   780.0       102.19   1
19 Hermisdorf Leonardo       03.11.97 BRA    92.59   0.1311   39   250.0   262.5   267.5   23   175.0   182.5     187.5   19   290.0   310.0   322.5      13   772.5       101.28   1
20 Ussing Daniel Emil        03.04.95 DEN    90.63   0.1325   27   245.0   257.5   262.5   26   167.5   177.5     185.0   15   290.0   310.0   322.5      12   770.0       102.01   1
21 Necas Miroslav            14.08.93 CZE    92.30   0.1313   19   265.0   280.0   290.0   13   160.0   170.0     177.5   21   270.0   285.0   300.0      26   767.5       100.78   1
22 Rubinstein Andrew         07.09.92 BEL    92.04   0.1315    3   235.0   250.0   260.0   28   175.0   182.5     187.5   12   285.0   305.0   315.0      16   762.5       100.26   1
23 Asena Harrison            10.07.95 ISL    90.71   0.1324   24   242.5   257.5   270.0   21   165.0   172.5     185.0   16   275.0   290.0   305.0      21   760.0       100.65   1
24 Bellak Jakub              29.07.06 SVK    92.18   0.1314   42   270.0   270.0   285.0   22   167.5   175.0     175.0   24   290.0   310.0   325.0      18   755.0       99.20    1
25 Medugorac Karlo           23.09.03 CRO    92.90   0.1309   26   260.0   277.5   280.0   30   150.0   160.0     167.5   35   270.0   290.0   310.0      20   730.0       95.55    1
26 Dalli Jurgen              26.07.99 MLT    91.82   0.1316   29   240.0   257.5   257.5   32   155.0   160.0     165.0   33   265.0   290.0   302.5      25   725.0       95.44    1
27 Dio Raffy                 23.04.01 NZL    92.70   0.1310   17   250.0   265.0   270.0   24   160.0   165.0     167.5   31   260.0   277.5   287.5      29   720.0       94.34    1
28 Law Tak Kan               08.12.00 HKG    90.88   0.1323    4   230.0   247.5   257.5   31   170.0   177.5     185.0   17   245.0   257.5   267.5      33   710.0       93.94    1
29 Piskac Leon               28.07.02 CRO    92.97   0.1308   36   245.0   260.0   265.0   25   170.0   175.0     180.0   26   270.0   285.0   295.0      32   710.0       92.90    1
30 Michail Kyriakos          07.06.97 CYP    91.25   0.1320   35   262.5   282.5   300.0   27   155.0   155.0     170.0   28   250.0   275.0   302.5      30   707.5       93.42    1
31   Ntuli Nkosinathi        24.08.97 RSA    92.61   0.1311    2   250.0   260.0   260.0   34   140.0   150.0     155.0   36   260.0   280.0   300.0      27   705.0       92.42    1
32   Pace Ian                11.02.99 MLT    92.90   0.1309   28   245.0   255.0   260.0   29   150.0   160.0     167.5   34   245.0   265.0   280.0      34   685.0       89.66    1
33   Shaw Jethro             13.08.04 RSA    92.32   0.1313   16   235.0   247.5   252.5   33   140.0   152.5     157.5   37   272.5   272.5   302.5      31   677.5       88.95    1
34   El Assi Mohamad Tarek   01.01.97 LBN    92.86   0.1309   37   262.5   275.0   280.0   20   135.0   140.0      X      41   260.0   280.0   280.0      35   670.0       87.71    1
35   Pereyra Juan Carlos     29.04.91 URU    92.67   0.1310   34   230.0   230.0   242.5   38   167.5   177.5     185.0   22   235.0   250.0   255.0      37   662.5       86.82    1

                                                                                                                                                                                         3
36 Seo Youngmin              09.03.94 KOR    92.97    0.1308   14   237.5   247.5   247.5   36   142.5   150.0     152.5     38   245.0   260.0   270.0   36   650.0       85.05    1
37 Dennis Alex               07.10.85 ISV    92.96    0.1308   9    205.0   212.5   217.5   40   172.5   182.5     182.5     27   230.0   237.5   250.0   39   622.5       81.45    1
38 Stylianoudis Giorgos      05.01.97 CYP    90.40    0.1327   32   210.0   220.0   230.0   37   127.5   140.0     145.0     39   215.0   225.0   235.0   40   610.0       80.92    1
39 Lee Wei-Te                09.12.90 TPE    91.00    0.1322    7   207.5   220.0   230.0   39   132.5   140.0     145.0     40   220.0   235.0   245.0   38   610.0       80.65    1
40 Alrefadi Mohammed         15.05.87 LBA    92.39    0.1312   20   200.0   240.0   260.0   35   150.0   170.0     192.5     30   100.0    X       X      41   510.0       66.93    1
— Jost Thomas                25.07.92 AUT    92.86    0.1309   33   260.0   270.0   270.0   —    190.0   200.0     202.5     8    285.0   305.0   315.0   24   DSQ          —       —
-105kg
1    McNaughton Anthony      19.03.00 USA    103.84   0.1241   1    335.0   360.0   360.0   2    227.5   243.0     250.5-w   1    330.0   355.0   365.0   4    975.5 -w    121.07   12
2    Lee Keenan              10.07.93 USA    104.45   0.1238   3    327.5   352.5   357.5   3    217.5   222.5     225.0     5    325.0   355.0   367.5   3    950.0       117.58    9
3    Norling Emil            20.01.96 SWE    104.77   0.1236    2   325.0   340.0   347.5   4    205.0   212.5     217.5     7    345.0   350.0   370.0   2    935.0       115.56   8
4    Stergakis Regin         13.02.02 DEN    104.76   0.1236   30   307.5   322.5   330.0   8    212.5   222.5     227.5     4    337.5   360.0   370.0   5    910.0 -wj   112.47   7
5    Sboui Fares             30.12.00 TUN    104.17   0.1239   20   310.0   322.5   330.0   6    207.5   220.0     222.5     6    315.0   327.5   330.0   15   882.5       109.36   6
6    Jakobi Timo             04.11.99 GER    104.42   0.1238   31   322.5   332.5   340.0   5    185.0   192.5     197.5     13   325.0   337.5   347.5   10   875.0       108.31   5
7    Dillon Sanchez          24.08.88 GBR    104.20   0.1239    8   275.0   290.0   290.0   20   175.0   185.0     187.5     20   360.0   392.5   411.5   1    867.5       107.49   4
 8   Phan Hung               11.08.92 AUS    103.74   0.1242   12   282.5   297.5   302.5   11   177.5   187.5     192.5     18   325.0   347.5   357.5   6    847.5       105.23   3
 9   Cariazo Walter          11.09.88 CAN    104.06   0.1240   35   295.0   295.0   302.5   12   200.0   205.0     205.0     11   330.0   355.0   360.0   14   837.5       103.84   2
10   Okrouhly Vit            04.03.94 CZE    104.07   0.1240   15   260.0   275.0   285.0   22   175.0   185.0     195.0     16   315.0   335.0   350.0   7    830.0       102.90   1
11   Celis Jonathan          19.08.00 BEL    104.14   0.1239    9   290.0   310.0   322.5   7    200.0   212.5     215.0     9    260.0   290.0   307.5   24   825.0       102.25   1
12   Slump Jacob             12.09.99 NED    103.58   0.1243   22   290.0   295.0    X      19   180.0   190.0     195.0     15   310.0   327.5   327.5   16   812.5       100.95   1
13 Swierczynski Adrian       01.01.96 POL    104.03   0.1240   32   280.0   300.0   300.0   25   190.0   197.5     197.5     12   305.0   320.0   335.0   11   812.5       100.75   1
14   Ibanez Pawathon Bernardo 03.05.97
                              Joaquin CHI    101.17   0.1256   18   280.0   300.0   315.0   13   180.0   190.0     195.0     14   280.0   300.0   310.0   20   805.0       101.14   1
15   Marzolla Matteo          04.07.00 ITA   103.14   0.1245   27   295.0   295.0   310.0   15   180.0   187.5     192.5     17   320.0   345.0   345.0   18   802.5       99.91    1
16   Mohamed Abdallah         25.07.94 QAT   104.44   0.1238   34   270.0   285.0   292.5   18   170.0   180.0     182.5     22   315.0   327.5   332.5   17   802.5       99.33    1
17   Schranil Tomas           22.08.99 CZE   104.17   0.1239    5   300.0   300.0   312.5   10   165.0   170.0     175.0     27   300.0   312.5   322.5   19   800.0       99.14    1
18 Pihler Uros               28.02.96 SLO    104.41   0.1238   29   285.0   297.5   305.0   14   155.0   162.5     167.5     30   322.5   340.0   350.0   9    800.0       99.03    1
19 Motoki Ayuto              14.05.97 JPN    104.53   0.1237    7   300.0   320.0   330.0   9    192.5   202.5     207.5     10   250.0   270.0   285.0   30   797.5       98.67    1
20 Jacobsz Jaco              03.12.97 RSA    104.11   0.1240   17   260.0   275.0   285.0   27   160.0   167.5     170.0     29   320.0   340.0   350.0   8    792.5       98.23    1
21 Sacco Benjamin            11.11.94 MLT    104.45   0.1238   21   270.0   290.0   297.5   21   170.0   180.0     185.0     21   292.5   310.0   310.0   22   785.0       97.16    1
22 Akagha Jonathan           22.04.96 IRL    103.51   0.1243   19   272.5   287.5   292.5   17   167.5   175.0     177.5     26   290.0   310.0   320.0   21   780.0       96.95    1
23 Ang Winston               08.12.99 SGP    104.74   0.1236   10   280.0   295.0   300.0   16   135.0   137.5     140.0     33   310.0   325.0   335.0   13   770.0       95.18    1
24 Erik Mata                 28.08.96 HUN    104.59   0.1237   26   285.0   300.0   300.0   24   175.0   182.5     187.5     19   280.0   295.0   300.0   23   767.5       94.93    1
25 Duke Daniel               24.07.00 RSA    103.66   0.1242   11   240.0   255.0   262.5   28   200.0   212.5     217.5     8    265.0   285.0   300.0   26   760.0       94.40    1
26 Mbassi Vladimir           20.12.90 SUI    104.50   0.1237   14   125.0   160.0   190.0   32   225.0   235.0     243.5     2    315.0   335.0   350.0   12   760.0       94.04    1
27 Arredondo Carrasco Arturo Axel
                            22.08.99 MEX     104.18   0.1239   23   265.0   277.5   285.0   23   162.5   172.5     180.0     25   262.5   277.5   292.5   27   742.5       92.01    1
28 Lee Minhyoung            22.05.89 KOR     102.02   0.1251    4   270.0   275.0   280.0   26   180.0   187.5     187.5     23   260.0   267.5   272.5   28   727.5       91.04    1
29 Tan Ding Kai             05.07.91 SGP     99.29    0.1268    6   240.0   257.5   270.0   30   157.5   165.0     170.0     28   250.0   270.0   285.0   25   712.5       90.32    1
30 Milikic Marin             04.05.98 CRO    102.06   0.1251   24   245.0   260.0   265.0   29   167.5   175.0     180.0     24   272.5   292.5   300.0   29   712.5       89.15    1
31 Kinanis Alexandros        16.06.94 CYP    102.94   0.1246   25   250.0   270.0   275.0   31   145.0   155.0     165.0     32   260.0    X       X      31   665.0       82.87    1
32 Urioste Nicolas           27.02.68 URU    100.88   0.1258   33   75.0     X       X      33   157.5   165.0     165.0     31   75.0     X       X      32   307.5       38.69    1
— Novopysmennyi Anatolii     27.12.96 UKR    101.73   0.1253   13   345.0   360.0   360.0   1    220.0   227.5     230.0     3    345.0   345.0   345.0   —    DSQ          —       —
— Clement Corentin           26.01.00 FRA    104.69   0.1236   28   300.0   320.0   335.0   —     X       X         X        —     X       X       X      —    DSQ          —       —
-120kg
 1 El Chaer Etienne          02.11.00 LBN    119.67   0.1164    5   325.0   340.0   350.0   6    215.0   225.0     232.5     4    355.0   380.0   390.0   2    962.5       112.02   12
 2 Chinye Nonso              16.02.05 GBR    119.51   0.1165    7   320.0   345.0   355.0   5    200.0   210.0     217.5     10   360.0   390.0   400.0   1    952.5       110.92    9
 3 Williams Devin            11.09.98 USA    119.42   0.1165   12   295.0   320.0   325.0   11   245.0   261.5-w   265.5-w   1    330.0   360.0   377.5   5    950.5       110.73    8
 4 McDonald Joseph           03.06.03 TRI    118.82   0.1167   22   315.0   332.5   345.0   4    235.0   247.5     250.0     2    330.0   352.5   385.0   7    945.0       110.33    7

                                                                                                                                                                                         4
 5     Sulayman Abdul Majeed   15.05.97 GBR    116.08   0.1180    19   320.0    340.0   357.5    2         205.0   212.5   217.5   9    340.0   362.5   377.5   4    937.5    110.58   6
 6     Sekenofsky Baruch       20.05.93 ISR    118.78   0.1168    24   320.0    340.0   350.0    3         200.0   207.5   207.5   14   310.0   335.0   350.0   8    907.5    105.97   5
 7     Melnychuk Taras         25.03.01 UKR    118.94   0.1167    17   310.0    325.0   335.0    7         220.0   230.0   235.0   5    320.0   335.0   342.5   9    907.5    105.90   4
 8     Sahad Mohamed           05.07.87 ALG    118.27   0.1170    15   360.0    360.0   372.5    1         210.0   222.5   227.5   7    305.0   335.0   335.0   17   900.0    105.29   3
 9     Krawczyk Bryce          25.10.87 CAN    118.06   0.1171    11   307.5    325.0   332.5    9         185.0   195.0   200.0   17   320.0   345.0   365.0   3    892.5    104.49   2
10 Lanivia Joshua              17.11.96 AUS    119.15   0.1166    8    300.0    322.5   332.5    12        200.0   215.0   225.0   6    300.0   322.5   332.5   11   880.0    102.62   1
11 Covic Percy                 08.06.00 GER    118.98   0.1167    2    285.0    305.0   320.0    13        195.0   195.0   202.5   16   310.0   337.5   352.5   10   860.0    100.35   1
12 Vogelius Jesper             15.03.00 DEN    115.41   0.1183     3   305.0    320.0   332.5    8         197.5   205.0   210.0   12   305.0   310.0   315.0   14   852.5    100.82   1
13 Strubbe Jochen              11.12.98 BEL    119.56   0.1164    14   285.0    300.0   310.0    17        202.5   210.0   215.0   11   310.0   327.5   342.5   13   852.5    99.26    1
14     Krisztian Cseszko       12.05.99 HUN    119.42   0.1165    25   275.0    292.5   300.0    19        172.5   180.0   185.0   20   315.0   335.0   355.0   6    840.0    97.85    1
15     Pola Daniele            10.10.97 SUI    119.51   0.1165    18   290.0    307.5   320.0    14        200.0   212.5   222.5   8    275.0   275.0   297.5   19   840.0    97.82    1
16     Yamakawa Taiki          23.05.96 JPN    119.22   0.1166     1   290.0    305.0   315.0    15        175.0   182.5   187.5   18   300.0   315.0   330.0   12   832.5    97.05    1
17     Juzups Maris            20.04.88 LAT    119.00   0.1167     6   310.0    320.0   325.0    10        200.0   210.0   217.5   13   260.0   270.0   280.0   21   815.0    95.09    1
18     Koopu Maui              25.05.97 NZL    115.01   0.1184    20   290.0    305.0   310.0    16        195.0   202.5   205.0   15   295.0   310.0   310.0   20   810.0    95.94    1
19     Franek Hynek            02.11.95 CZE    105.45   0.1232     4   275.0    292.5   305.0    18        170.0   180.0   185.0   19   272.5   292.5   305.0   16   795.0    97.96    1
20     Groenewald Daine        18.03.91 RSA    119.29   0.1165    10   250.0    250.0   250.0    22        157.5   162.5   170.0   22   275.0   295.0   305.0   18   725.0    84.50    1
21     Tavros Lucas            10.10.91 CYP    119.24   0.1166    21   245.0    260.0   265.0    20        135.0   142.5   147.5   23   290.0   310.0   325.0   15   722.5    84.22    1
22     Tifentals Edgars        26.06.95 LAT    118.49   0.1169    16   250.0    257.5   257.5    21        175.0   182.5   185.0   21   200.0   220.0    X      22   652.5    76.27    1
—      Wiendieck Jonah         10.03.00 GER    119.43   0.1165     9   350.0    350.0    X       —         237.5   242.5   247.5   3    125.0    X       X      23   DSQ       —       —
120+kg
 1     Olivares Jesus          05.06.98 USA    179.09   0.0997     3   430.0    455.0   455.0    1         252.5   265.0   270.0   1    370.0   395.0   395.0   3    1070.0   106.71   12
 2     Kocak Cenk              25.07.96 TUR    149.97   0.1061    14   340.0    360.0   375.0    6         235.0   245.0   250.0   5    365.0   365.0   372.5   1    997.5    105.88    9
 3     Sharma Ajay             03.06.97 GBR    152.78   0.1054    17   375.0    395.0   405.0    2         222.5   232.5   240.0   7    337.5   357.5   370.0   4    995.0    104.88    8
 4     Patschke Markus         16.07.88 GER    168.23   0.1018     1   345.0    365.0   375.0    7         245.0   255.0   260.0   2    300.0   325.0   330.0   9    965.0    98.27     7
 5     Samkharadze Temur        11.01.01 GEO   134.01   0.1109    16   360.0    380.0   392.5    5         210.0   220.0   220.0   14   370.0   390.0   405.0   2    960.0    106.51   6
 6     Kirkbride-Richards Paul 08.08.91 GBR    180.17   0.0995    15   345.0    370.0   390.0    4         207.5   222.5   230.0   8    300.0   327.5   347.5   10   947.5    94.31    5
 7     Sutterud Westbye Bjorn Andre
                                27.03.01 NOR   165.27   0.1025     8   375.0    390.0   397.5    3         195.0   205.0   212.5   12   305.0   320.0   345.0   12   922.5    94.52    4
 8     Wang Pei-Yu             20.02.98 TPE    145.75   0.1073    13   350.0    375.0   395.0    10        210.0   220.0   227.5   9    315.0   340.0   365.0   7    917.5    98.45    3
 9 Jahnke Tyler                12.03.00 NZL    158.33   0.1040     5   320.0    340.0   350.0    11        202.5   207.5   212.5   11   335.0   335.0   347.5   5    910.0    94.67    2
10 Simonsen Martin             14.05.99 DEN    163.43   0.1029    19   320.0    340.0   350.0    12        230.0   245.0   255.0   3    275.0   295.0   302.5   16   907.5    93.35    1
11 Tempelaars Sebastiaan       30.10.90 NED    172.26   0.1010     6   340.0    350.0   360.0    9         220.0   230.0   237.5   6    290.0   310.0   322.5   15   907.5    91.67    1
12 Stubberfield Jackson        04.04.95 AUS    150.61   0.1060    20   290.0    320.0   337.5    14        207.5   220.0   227.5   10   305.0   335.0   345.0   6    902.5    95.64    1
13 Willis Erik                 14.07.90 CAN    133.84   0.1110     2   300.0    317.5   317.5    17        235.0   250.0   255.0   4    330.0   347.5   347.5   8    897.5    99.63    1
14 Usov Artem                  04.05.00 CZE    147.27   0.1069     4   295.0    315.0   322.5    18        192.5   202.5   210.0   15   290.0   312.5   325.0   11   850.0    90.85    1
15 Koshiyama Kota              02.10.93 JPN    150.78   0.1059    11   345.0    362.5   362.5    8         185.0   192.5   195.0   17   290.0   290.0   302.5   18   847.5    89.77    1
16 Juszczyk Jacek              01.01.94 POL    133.71   0.1110    18   310.0    330.0   340.0    15        210.0   210.0   220.0   13   300.0   320.0   320.0   17   840.0    93.28    1
17 Klem Richard                20.10.98 CZE    142.73   0.1082    12   305.0    320.0   330.0    16        200.0   210.0   210.0   16   290.0   305.0   315.0   13   835.0    90.33    1
18 Gajdos Lukas                30.09.95 SVK    139.08   0.1093     7   315.0    335.0   345.0    13        170.0   180.0   180.0   18   310.0   330.0   330.0   14   825.0    90.17    1


Team (points)
     1 U.S.America                                           57 [12+12+12+12+9]            592.53 IPF GL
     2 Great Britain                                         41   [9+9+8+8+7]              564.86 IPF GL
     3 France                                                27   [9+7+5+3+3]              517.23 IPF GL
     4 Sweden                                                23   [9+8+5+1]                449.08 IPF GL
     5 Germany                                               22   [8+7+5+1+1]              527.89 IPF GL
     6 Singapore                                             20   [7+6+4+2+1]              512.60 IPF GL

                                                                                                                                                                                            5
 7 Canada                20   [6+6+4+2+2]   523.61 IPF GL
 8 Australia             19   [6+5+4+3+1]   527.83 IPF GL
 9 Chinese Taipei        17 [9+3+3+1+1]     479.40 IPF GL
10 Norway                16 [12+4]          210.40 IPF GL
11 Lebanon               15   [12+1+1+1]    389.70 IPF GL
12 Japan                 15 [7+5+1+1+1]     501.47 IPF GL
13 Spain                 13 [12+1]          201.20 IPF GL
14 Bulgaria              12 [12]            119.37 IPF GL
15 New Zealand           12 [5+2+2+2+1]     494.69 IPF GL
16 Denmark               11   [7+1+1+1+1]   511.13 IPF GL
17 Algeria               10   [6+3+1]       323.56 IPF GL
18 Turkiye                9   [9]           105.88 IPF GL
19 Mexico                 9   [8+1]         198.84 IPF GL
20 US Virgin Islands      9   [8+1]         179.40 IPF GL
21 Hungary               9    [7+1+1]       307.57 IPF GL
22 Trinidad and Tobago   7    [7]           110.33 IPF GL
23 Cyprus                7    [3+1+1+1+1]   457.81 IPF GL
24 Tunisia               6    [6]           109.36 IPF GL
25 Georgia               6    [6]           106.51 IPF GL
26 Chile                 6 [4+1+1]          305.65 IPF GL
27 Switzerland           6 [2+1+1+1+1]      498.22 IPF GL
28 Israel                5 [5]              105.97 IPF GL
29 Czechia               5 [1+1+1+1+1]      510.71 IPF GL
30 Italy                 5 [1+1+1+1+1]      509.34 IPF GL
31 Belgium               5    [1+1+1+1+1]   498.95 IPF GL
32 Poland                5    [1+1+1+1+1]   463.69 IPF GL
33 Malta                 5    [1+1+1+1+1]   460.37 IPF GL
34 South Africa          5    [1+1+1+1+1]   458.50 IPF GL
35 Croatia               5 [1+1+1+1+1]      451.92 IPF GL
36 Ukraine               4 [4]              105.90 IPF GL
37 Austria               4 [4]              102.98 IPF GL
38 Ireland               4 [1+1+1+1]        407.29 IPF GL
39 Cameroon              3 [3]              109.80 IPF GL
40 Iceland               3 [1+1+1]          300.92 IPF GL
41 Netherlands           3 [1+1+1]          299.21 IPF GL
42 Brazil                3 [1+1+1]          283.59 IPF GL
43 Uruguay               3 [1+1+1]          223.44 IPF GL
44 China                 3 [1+1+1]          221.37 IPF GL
45 Greece                2 [2]              100.61 IPF GL
46 Qatar                 2 [1+1]            200.09 IPF GL
47 Slovenia              2 [1+1]            195.85 IPF GL
48 Slovakia              2    [1+1]         189.37 IPF GL
49 South Korea           2    [1+1]         176.09 IPF GL
50 Thailand              2    [1+1]         174.40 IPF GL
51 Latvia                2    [1+1]         171.36 IPF GL
52 Guyana                1    [1]           107.06 IPF GL

                                                            6
 53 India                                                       1 [1]                              99.68 IPF GL
 54 Hong Kong, China                                            1 [1]                              93.94 IPF GL
 55 Libya                                                       1 [1]                              66.93 IPF GL
— Finland                                                      —


Best Lifters of Open by IPF GL Formula
Rnk Lifter                    Team                                       Bwt               Total            IPF GL Points   C.Rnk
 1. Perkins Austin             U.S.America                              73.81              842.5               123.8526     1
 2. Borenstein Joseph          U.S.America                              82.84              890.0               123.3202     1
 3. McNaughton Anthony         U.S.America                              103.84             975.5               121.0654     1

Abbreviations:
nb - New pers. bestlifts; n - National Record; c - Continental Record; w - World Record; cp - Competition's Record; wg - World Games Record;
1..4 - Master's Record; j - Junior's Record; s - Subjunior's Record; ps. - Personally; X - the refused attempt.
DSQ - Disqualification; DR - Removed by a Doctor; TD - Technical Disqualification; DD - Doping Disqualification.

ALG = Algeria                                                            GER = Germany                                                         NOR = Norway
AUS = Australia                                                          GRE = Greece                                                          NZL = New Zealand
AUT = Austria                                                            GUY = Guyana                                                          POL = Poland
BEL = Belgium                                                            HKG = Hong Kong, China                                                QAT = Qatar
BRA = Brazil                                                             HUN = Hungary                                                         RSA = South Africa
BUL = Bulgaria                                                           IND = India                                                           SGP = Singapore
CAN = Canada                                                             IRL = Ireland                                                         SLO = Slovenia
CHI = Chile                                                              ISL = Iceland                                                         SUI = Switzerland
CHN = China                                                              ISR = Israel                                                          SVK = Slovakia
CMR = Cameroon                                                           ISV = US Virgin Islands                                               SWE = Sweden
CRO = Croatia                                                            ITA = Italy                                                           THA = Thailand
CYP = Cyprus                                                             JPN = Japan                                                           TPE = Chinese Taipei
CZE = Czechia                                                            KOR = South Korea                                                     TRI = Trinidad and Tobago
DEN = Denmark                                                            LAT = Latvia                                                          TUN = Tunisia
ESP = Spain                                                              LBA = Libya                                                           TUR = Turkiye
FIN = Finland                                                            LBN = Lebanon                                                         UKR = Ukraine
FRA = France                                                             MEX = Mexico                                                          URU = Uruguay
GBR = Great Britain                                                      MLT = Malta                                                           USA = U.S.America
GEO = Georgia                                                            NED = Netherlands




                                                                                                                                                                           7
