                                                                        International Powerlifting Federation
                                                                 2026 IPF World Classic Powerlifting Championships
                                                                  Druskininkai, Lithuania - 13-06-2026 to 21-06-2026
                                                                                     Final Results

Place                 Name      YOB Team Lot Bd. Wt. Coeff. SQ1 SQ2              SQ3      SQ [PL] BP1        BP2     BP3     BP [PL] DL1        DL2     DL3 DL [PL]        Total Points IPF GL Points BL. RK.
Open - 59kg
  1    Ivan CAMPANO DIAZ        2001 ESP     17   58.95   0.165548 207.5 215.0 220.0      220.0 [6] 145.0 150.0      152.5   150.0 [2] 262.5 277.5 290.0 290.0 [2]     660.0       12     109.261680    34
  2    Michael SLABIC           2003 USA     3    58.70   0.165926 212.5 225.0 230.0 wj   230.0 [3] 115.0 120.0      125.0   125.0 [11] 277.5 303.0 w 305.0 303.0 [1] 658.0 wj      9     109.179308    36
  3     Antoine GARCIA          1995   FRA   15   58.65   0.166001 220.0 235.0 241.0      235.0 [1] 130.0    137.5   140.0   140.0 [5] 237.5    252.5   257.5 257.5 [5]    632.5    8     104.995633    67
  4     Kwaku NYARKO            2002   GHA   10   58.40   0.166382 212.5 225.0 230.0      230.0 [2] 130.0    137.5   140.0   140.0 [4] 237.5    252.5   257.5 257.5 [4]    627.5    7     104.404705    71
  5     Yao-Wei YOU             1995   TPE   14   58.50   0.166229 195.0 205.0 210.0      210.0 [7] 110.0    115.0   120.0   120.0 [15] 252.5   262.5   270.0 270.0 [3]    600.0    6     99.737400     100
  6     Franklin LEON           1983   ECU   9    58.85   0.165699 225.0 230.0 230.0 w1   230.0 [4] 125.0    132.5   135.0   132.5 [8] 220.0    232.5   242.5 232.5 [10]   595.0    5     98.590905     107
  7     Yasutaka TAKIYAMA       1988 JPN     16   58.45   0.166305 220.0 220.0   225.0    220.0 [5] 135.0 140.0      140.0   135.0 [6] 235.0 245.0 245.0 235.0 [9]         590.0    4     98.119950     113
  8     Joenas MADERA           1997 AUS     11   58.75   0.165850 175.0 187.5   195.0    195.0 [11] 120.0 125.0     127.5   125.0 [12] 225.0 242.5 255.0 255.0 [6]        575.0    3     95.363750     135
  9     Angel CRUZ              2004 MEX     5    58.70   0.165926 200.0 207.5   210.0    207.5 [8] 120.0 122.5   125.0 125.0 [10] 220.0 220.0 240.0 240.0 [7]             572.5    2     94.992635     138
 10     Wei-Chen HUANG          2005 TPE     7    58.45   0.166305 192.5 200.0   205.0    205.0 [9] 127.5 132.5   132.5 127.5 [9] 225.0 237.5 250.0 237.5 [8]              570.0    1     94.793850     139
 11     Giorgi GELASHVILI       2006 GEO     2    58.80   0.165774 192.5 202.5   202.5    192.5 [13] 140.0 147.5 155.0 wj 155.0 [1] 190.0 205.0 212.5 212.5 [16]           560.0    1     92.833440     149
 12     Jacopo SANTANGELO       1996   ITA   1    58.75   0.165850 195.0 200.0   202.5    202.5 [10] 115.0 120.0     122.5   122.5 [14] 222.5 235.0 235.0 222.5 [13]       547.5    1     90.802875     154
 13     Kemal ERGIN             2002 NED     12   58.85   0.165699 175.0 180.0   182.5    182.5 [15] 140.0 145.0     147.5   147.5 [3] 205.0 215.0 220.0 215.0 [15]        545.0    1     90.305955     156
 14     Ryo IMAMURA             1992 JPN     13   58.80   0.165774 165.0 175.0   185.0    185.0 [14] 132.5 132.5     135.0   132.5 [7] 225.0 240.0 240.0 225.0 [12]        542.5    1     89.932395     159
 15     Ivan CANCEL             1982 PUR     6    58.30   0.166534 177.5 187.5   192.5    192.5 [12] 115.0 120.0     122.5   122.5 [13] 205.0 212.5 217.5 217.5 [14]       532.5    1     88.679355     165
 16     Jose FLORES             1991 NZL     8    58.15   0.166764 150.0 157.5   160.0    157.5 [16] 100.0 102.5     105.0   105.0 [16] 215.0 225.0 227.5 227.5 [11]       490.0    1     81.714360     176
Open - 66kg
  1    Kjell BAKKELUND          1988 NOR     1    65.75   0.156198 245.0 252.5   257.5    257.5 [2] 180.0 185.0      187.5   187.5 [1] 285.0 300.0 310.0 310.0 [1]         755.0   12     117.929490    8
  2    Joseph JORDAN            1988 ISV     15   65.80   0.156135 232.5 245.0   252.5    245.0 [4] 162.5 167.5      170.0   170.0 [3] 280.0 290.0 300.0 300.0 [3]         715.0    9     111.636525    26
  3    Kyota USHIYAMA           1997 JPN     13   65.85   0.156072 227.5 240.0   242.5    240.0 [6] 172.5 175.0      175.0   175.0 [2] 275.0 290.0 295.0 290.0 [7]         705.0    8     110.030760    32
  4     Austin NIKOLAI          2003 USA     6    65.50   0.156513 235.0 257.5   272.5    257.5 [1] 137.5 145.0      145.0   137.5 [10] 270.0 295.0 310.0 295.0 [4]        690.0    7     107.993970    47
  5     Yusuke SATAKE           1996 JPN     8    65.75   0.156198 235.0 247.5   247.5    247.5 [3] 155.0 162.5      165.0   165.0 [4] 255.0 270.0 277.5 270.0 [10]        682.5    6     106.605135    60
  6     Marios LIATSIS          2000 GRE     7    65.00   0.157150 225.0 240.0   240.0    240.0 [5] 132.5 140.0      142.5   142.5 [9] 267.5 287.5 292.5 292.5 [5]         675.0    5     106.076250    62
  7     Carlos CASTILLO         2000 CAN     4    65.60   0.156386 207.5 217.5   227.5    227.5 [10] 145.0 150.0     155.0   155.0 [6] 262.5 280.0 290.0 290.0 [6]         672.5    4     105.169585    65
  8     Wei ONG                 1995 SGP     5    65.60   0.156386 212.5 225.0   232.5    232.5 [9] 122.5    127.5   135.0   127.5 [15] 275.0   290.0   300.0 300.0 [2]    660.0    3     103.214760    80
  9     Joel CATENA             1996 AUT     3    65.45   0.156576 217.5 232.5   237.5    237.5 [7] 152.5    160.0   165.0   160.0 [5] 235.0    252.5   265.0 252.5 [14]   650.0    2     101.774400    95
 10     Mirko SIMONELLI         2001 ITA     10   65.80   0.156135 225.0 235.0   235.0    235.0 [8] 137.5    142.5   145.0   145.0 [8] 270.0    280.0   280.0 270.0 [11]   650.0    1     101.487750    96
 11     Joshua LUU              1997 AUS     12   65.60   0.156386 207.5 222.5   227.5    222.5 [11] 122.5   127.5   132.5   132.5 [12] 255.0   272.5   280.0 272.5 [8]    627.5    1     98.132215     112
 12     Ching-Lun LIN           1991 TPE     11   65.95   0.155947 190.0 210.0   215.0    215.0 [12] 137.5 145.0     150.0   150.0 [7] 225.0 250.0 262.5 262.5 [13]        627.5    1     97.856743     115
 13     Wei-Xiang ZENG          1995 TPE     14   65.30   0.156767 192.5 205.0   210.0    210.0 [13] 120.0 130.0     135.0   135.0 [11] 255.0 270.0 282.5 270.0 [9]        615.0    1     96.411705     125
 14     Julian SGRO             1990 AUS     9    65.75   0.156198 197.5 207.5   210.0    210.0 [14] 120.0 127.5     130.0   130.0 [14] 250.0 265.0 277.5 265.0 [12]       605.0    1     94.499790     140
 15 Gabriel GHIZONI             1999 BRA     2    65.45   0.156576 187.5 197.5   202.5    202.5 [15] 120.0 127.5     130.0   130.0 [13] 237.5 255.0 272.5 237.5 [15]       570.0    1     89.248320     162
Open - 74kg
  1    Austin PERKINS           1999 USA     13   73.30   0.147536 325.0 340.0   345.0    340.0 [1] 197.5 207.5       X      207.5 [2] 332.5 344.0 w     X    344.0 [1]    891.5   12     131.528344    1
  2     Balthazar BERTRAND      2002 FRA     11   73.45   0.147380 280.0 300.0   312.5    312.5 [2] 180.0 192.5      200.0   192.5 [3] 280.0 300.0 317.5 300.0 [8]         805.0    9     118.640900    6
  3     Chun-Chia FAN           1999 TPE     19   73.65   0.147172 240.0 255.0   262.5    262.5 [10] 205.0 216.0 w   218.0   216.0 [1] 285.0 295.0 302.5 302.5 [7]         781.0    8     114.941332    17
  4     Luke HOMER              1996 CAN     23   73.80   0.147016 275.0 290.0   295.0    295.0 [4] 155.0 160.0      162.5   160.0 [12] 300.0 307.5 315.0 315.0 [3]        770.0    7     113.202320    22
  5     Keyan BABAEI-SOMAGHI    2000 AUS     2    73.60   0.147224 250.0 265.0   275.0    275.0 [7] 160.0 167.5      172.5   172.5 [6] 277.5 292.5 302.5 302.5 [6]         750.0    6     110.418000    31
  6     Christos KONSTANTINOU   1993 CYP     12   73.20   0.147641 272.5 282.5   287.5    282.5 [5] 152.5 160.0      165.0   165.0 [8] 275.0 285.0 295.0 295.0 [10]        742.5    5     109.623443    33
Place               Name           YOB Team Lot Bd. Wt. Coeff. SQ1 SQ2              SQ3      SQ [PL] BP1        BP2     BP3     BP [PL] DL1        DL2     DL3 DL [PL]        Total Points IPF GL Points BL. RK.
  7     Yu-Jui CHENG               1999 TPE     22   73.80   0.147016 260.0 280.0   290.0    280.0 [6] 145.0 152.5      155.0   155.0 [15] 260.0 285.0 305.0 305.0 [5]        740.0    4     108.791840    39
  8     Jacob LAVOIE               1996 CAN     15   73.50   0.147328 265.0 270.0   270.0    265.0 [9] 140.0 140.0      145.0   145.0 [18] 305.0 317.5 325.0 325.0 [2]        735.0    3     108.286080    42
  9     Clinton LEE                1993 SGP     8    73.55   0.147276 245.0 262.5   272.5    272.5 [8] 162.5 170.0      170.0   162.5 [9] 280.0 300.0 315.0 300.0 [9]         735.0    2     108.247860    43
 10     Yacine MEDJAHED            2003 ALG     18   72.90   0.147957 290.0 310.0   317.5    310.0 [3] 145.0 157.5      160.0   160.0 [10] 245.0 257.5 265.0 257.5 [20]       727.5    1     107.638718    50
 11     Adel AL LANQAWI            1999   SUI   7    73.60   0.147224 217.5 232.5   235.0    235.0 [17] 170.0 180.0     185.0   185.0 [4] 290.0 305.0 325.0 305.0 [4]         725.0    1     106.737400    57
 12     Joshua OLA                 2002 IRL     3    73.70   0.147120 220.0 240.0   250.0    250.0 [12] 155.0   165.0   172.5   172.5 [7] 250.0    275.0   287.5 287.5 [11]   710.0    1     104.455200    70
 13     Alberto HERRAIZ FRANCES    2000 ESP     17   73.85   0.146965 242.5 252.5   260.0    260.0 [11] 167.5   175.0   177.5   177.5 [5] 260.0    275.0   275.0 260.0 [19]   697.5    1     102.508088    87
 14     Cheng Wen CHEONG           1997 SGP     6    74.00   0.146810 225.0 240.0   245.0    245.0 [13] 152.5   160.0   165.0   160.0 [13] 285.0   300.0   307.5 285.0 [12]   690.0    1     101.298900    97
 15     John STRACHAN              1988 NZL     16   73.75   0.147068 220.0 232.5   240.0    240.0 [15] 152.5   160.0   160.0   152.5 [16] 255.0   265.0   270.0 270.0 [15]   662.5    1     97.432550     116
 16     Karel RADA                 2001 CZE     20   73.30   0.147536 235.0 242.5   245.0    242.5 [14] 132.5 137.5     140.0   137.5 [19] 260.0 275.0 282.5 275.0 [13]       655.0    1     96.636080     121
 17     Giorgi MAISURADZE          2004 GEO     4    73.50   0.147328 210.0 220.0   230.0    230.0 [19] 150.0 150.0     160.0   160.0 [11] 232.5 250.0 262.5 262.5 [16]       652.5    1     96.131520     127
 18     Lachlan RICHARDS           2000 NZL     9    72.55   0.148328 215.0 220.0   220.0    215.0 [21] 135.0 140.0     140.0   135.0 [20] 257.5 270.0 277.5 270.0 [14]       620.0    1     91.963360     152
 19     Marats DAMLAMAJANS         1987 LAT     1    73.60   0.147224 195.0 205.0   215.0    215.0 [22] 135.0   142.5   147.5   147.5 [17] 235.0   242.5   257.5 257.5 [21]   620.0    1     91.278880     153
 20     Mateusz MARECKI            1997 POL     10   72.30   0.148595 170.0 190.0   215.0    215.0 [20] 120.0   127.5   132.5   132.5 [21] 230.0   255.0   260.0 260.0 [17]   607.5    1     90.271463     157
 21     Marius PACERINSKIS         1990 LTU     5    73.05   0.147799 215.0 230.0   235.0    230.0 [18] 150.0   157.5   157.5   157.5 [14] 210.0   220.0   240.0 220.0 [23]   607.5    1     89.787893     161
 22     Gintaras BLEDIS            1994 LTU     14   73.50   0.147328 210.0 225.0   235.0    235.0 [16] 115.0   122.5   127.5   127.5 [22] 210.0   230.0   240.0 240.0 [22]   602.5    1     88.765120     164
 23 Leonardo CRUZ                  1992 POR     21   73.65   0.147172 190.0 197.5   205.0    197.5 [23] 125.0 130.0     130.0   125.0 [23] 240.0 255.0 260.0 260.0 [18]       582.5    1     85.727690     168
Open - 83kg
  1     Ade OMISAKIN               1998 GBR     2    82.50   0.138850 282.5 305.0   312.5    312.5 [3] 185.0 197.5      205.0   205.0 [2] 335.0 365.0 382.5 365.0 [2]         882.5   12     122.535125    2
  2     Joseph BORENSTEIN          2002 USA     11   82.60   0.138765 282.5 295.0   305.0    305.0 [6] 207.5 210.0        X     207.5 [1] 345.0 372.5 372.5 345.0 [4]         857.5    9     118.990988     5
  3     Jurins KENGAMU             1988 GBR     22   82.70   0.138680 295.0 312.5   320.0    312.5 [4] 182.5 187.5      187.5   182.5 [9] 332.5 350.0 360.0 350.0 [3]         845.0    8     117.184600    12
  4     Enahoro ASEIN              1999 HUN     28   82.45   0.138893 270.0 290.0   300.0    300.0 [7] 152.5 162.5      162.5   152.5 [29] 355.0 383.0 w 392.5 383.0 [1]      835.5    7     116.045102    14
  5     Kafui HOTSONYAME           1993 CAN     15   82.10   0.139192 257.5 275.0 290.0      290.0 [8] 175.0 182.5      187.5   182.5 [8] 310.0 330.0 342.5 342.5 [5]         815.0    6     113.441480    21
  6     Andres FERNANDEZ AREVALO   2003 ESP     5    82.35   0.138978 290.0 305.0 315.0 wj   315.0 [1] 150.0 165.0      165.0   165.0 [21] 300.0 320.0 325.0 320.0 [8]        800.0    5     111.182400    27
  7     Kevin FORNSTAM             2001 SWE     6    82.15   0.139149 255.0 270.0   280.0    280.0 [13] 190.0 197.5     200.0   200.0 [4] 290.0 315.0 332.5 315.0 [10]        795.0    4     110.623455    29
  8     Naim Ali EL MOUKALLIF      2004 ESP     25   81.65   0.139580 272.5 295.0   312.5    312.5 [2] 165.0 172.5      177.5   177.5 [10] 270.0 292.5 302.5 302.5 [15]       792.5    3     110.617150    30
  9     Patrick KUERZI             1999 SUI     23   82.15   0.139149 260.0 275.0   280.0    280.0 [12] 175.0 185.0     190.0   190.0 [6] 285.0 310.0 315.0 315.0 [9]         785.0    2     109.231965    35
 10     Saverio RINALDO MARCIANO   2000 ITA     30   81.65   0.139580 275.0 285.0   290.0    285.0 [10] 187.5 195.0     200.0   200.0 [3] 295.0 310.0 310.0 295.0 [21]        780.0    1     108.872400    38
 11     Andrei PETCU               2000 ROU     18   82.45   0.138893 260.0 275.0   280.0    280.0 [15] 175.0 185.0     190.0   185.0 [7] 265.0 290.0 305.0 305.0 [14]        770.0    1     106.947610    55
 12     Aoi ISHIKAWA               2001 JPN     7    82.60   0.138765 282.5 297.5   305.0    305.0 [5] 157.5 165.0      170.0   170.0 [18] 272.5 287.5 300.0 287.5 [24]       762.5    1     105.808313    63
 13     Zachariah AMPOFO           1994 GER     27   82.40   0.138935 245.0 255.0   262.5    262.5 [22] 157.5 162.5     165.0   162.5 [23] 327.5 347.5 347.5 327.5 [7]        752.5    1     104.548588    69
 14     Mathias KLOCH              1995   DEN   26   82.50   0.138850 255.0 270.0   282.5    282.5 [11] 160.0   170.0   177.5   170.0 [17] 265.0   287.5   295.0 295.0 [22]   747.5    1     103.790375    75
 15     Tuur VERSTREPEN            2002   BEL   1    82.70   0.138680 250.0 262.5   272.5    262.5 [23] 167.5   175.0   180.0   175.0 [12] 275.0   290.0   310.0 310.0 [12]   747.5    1     103.663300    76
 16     Grzegorz KRAUJUTOWICZ      1993   POL   32   82.35   0.138978 255.0 265.0   272.5    272.5 [17] 165.0   170.0   172.5   172.5 [13] 285.0   300.0   305.0 300.0 [18]   745.0    1     103.538610    77
 17     Christophe BOULOS          1996   QAT   21   82.45   0.138893 265.0 280.0     X      280.0 [14] 160.0   165.0   170.0   165.0 [22] 265.0   280.0   300.0 300.0 [19]   745.0    1     103.475285    78
 18     Tianyu XIAO                1995 CHN     17   82.75   0.138638 250.0 250.0   262.5    262.5 [24] 160.0 167.5     172.5   172.5 [14] 280.0 300.0 310.0 310.0 [13]       745.0    1     103.285310    79
 19     Matheus SANTOS             2001 BRA     31   82.60   0.138765 260.0 272.5   280.0    280.0 [16] 137.5 145.0     150.0   150.0 [30] 287.5 305.0 310.0 310.0 [11]       740.0    1     102.686100    85
 20     Guilherme MENEZES          1995 BRA     8    83.00   0.138427 252.5 265.0   270.0    265.0 [20] 165.0 172.5     175.0   172.5 [15] 277.5 290.0 300.0 300.0 [20]       737.5    1     102.089913    91
 21     Daniel HOFFMANN            2005 CZE     24   80.35   0.140724 252.5 265.0   272.5    265.0 [19] 167.5 175.0     175.0   167.5 [19] 272.5 292.5 300.0 300.0 [17]       732.5    1     103.080330    84
 22     Ali ALARADI                2005 KUW 19       82.60   0.138765 260.0 265.0   270.0    270.0 [18] 177.5 185.0     192.5   192.5 [5] 250.0 260.0 270.0 260.0 [30]        722.5    1     100.257713    99
 23     Arnas ASMONAS              1985 LTU 14       82.15   0.139149 242.5 255.0   262.5    262.5 [21] 162.5 175.0     182.5   175.0 [11] 245.0 262.5 272.5 272.5 [28]       710.0    1     98.795790     105
 24     Kenzo CHONG                1995 SGP 10       82.40   0.138935 220.0 240.0   247.5    247.5 [28] 147.5 160.0     167.5   160.0 [25] 275.0 295.0 302.5 302.5 [16]       710.0    1     98.643850     106
 25     Donovan CHENG WEE HERNG    2000 SGP     29   82.05   0.139235 210.0 230.0   245.0    245.0 [29] 152.5 162.5     170.0   170.0 [16] 265.0 290.0 300.0 290.0 [23]       705.0    1     98.160675     111
 26     Fridbjorn HLYNSSON         1991 ISL     13   82.75   0.138638 237.5 250.0   257.5    257.5 [25] 150.0 157.5     162.5   162.5 [24] 277.5 290.0 290.0 277.5 [27]       697.5    1     96.700005     120
 27     Karim RUSCITTI             2004 QAT     4    82.40   0.138935 235.0 250.0   260.0    250.0 [26] 150.0 160.0     160.0   160.0 [26] 265.0 285.0 290.0 285.0 [25]       695.0    1     96.559825     123
 28     Mathis DUCRET              2001 FRA     3    82.70   0.138680 262.5 282.5   287.5    287.5 [9] 75.0      X       X      75.0 [32] 310.0 330.0 352.5 330.0 [6]         692.5    1     96.035900     129
Place                 Name                YOB Team Lot Bd. Wt. Coeff. SQ1 SQ2              SQ3      SQ [PL] BP1      BP2     BP3     BP [PL] DL1      DL2    DL3 DL [PL]       Total Points IPF GL Points BL. RK.
 29     Alexandre ARNAUD                  1998   SUI   9    82.50   0.138850 235.0 245.0   250.0    250.0 [27] 125.0 140.0   145.0   140.0 [31] 270.0 285.0 300.0 285.0 [26]   675.0    1     93.723750     143
 30     Samuel HENDERSON                  2002 NZL     12   82.85   0.138553 220.0 232.5   240.0    240.0 [31] 152.5 157.5   160.0   160.0 [27] 230.0 242.5 252.5 252.5 [31]   652.5    1     90.405833     155
 31     Urban MUR                         1993 SLO     20   82.75   0.138638 225.0 237.5   245.0    245.0 [30] 155.0 162.5   167.5   167.5 [20] 175.0 187.5 225.0 187.5 [32]   600.0    1     83.182800     171
  -     Marko KUZMIC                      2000 CRO     16   81.55   0.139667 240.0 245.0   245.0        -    150.0 155.0     160.0   155.0 [28] 260.0 272.5 275.0 260.0 [29]     -      -         -          -
Open - 93kg
  1    William BALL                       2006 USA     10   91.40   0.131937 312.5 330.0 335.0 wj   335.0 [2] 210.0 215.0    217.5   217.5 [2] 345.0 367.5 375.0 375.0 [2] 927.5 w     12     122.371568    3
  2     Christian AYANDOKUN               1991 GBR     19   92.70   0.131028 292.5 310.0   320.0    320.0 [3] 195.0 205.0    207.5   207.5 [4] 335.0 365.0 372.5 372.5 [3]     900.0    9     117.925200    9
  3     Emil KRASTEV                      1997 BUL     20   92.50   0.131166 292.5 307.5   317.5    307.5 [5] 220.0 230.0    235.0   235.0 [1] 340.0 355.0 362.5 355.0 [5]     897.5    8     117.721485    10
  4     Aimene Ibrahim El Khalil NOUARI   2002 ALG     8    92.65   0.131062 320.0 335.0   337.5    337.5 [1] 190.0 200.0    200.0   190.0 [8] 350.0 370.0 380.5 370.0 [4]     897.5    7     117.628145    11
  5     Kwaku ANTWI                       1996 CAN     6    92.50   0.131166 255.0 270.0   280.0    280.0 [12] 205.0 212.5   217.5   217.5 [3] 340.0 362.5 377.5 377.5 [1]     875.0    6     114.770250    18
  6     Richard VAN BEZOOIJEN             1996 NED     4    92.30   0.131305 285.0 297.5   305.0    305.0 [6] 182.5 187.5    190.0   190.0 [7] 302.5 317.5 320.0 317.5 [8]     812.5    5     106.685313    58
  7     Leonardo HERMISDORF               1997 BRA     14   92.35   0.131270 265.0 280.0   285.0    280.0 [11] 175.0 182.5   185.0   185.0 [11] 307.5 322.5 337.5 337.5 [6]    802.5    4     105.344175    64
  8     Aaron BLACKMORE                   1999 IRL     17   92.70   0.131028 282.5 297.5   310.0    310.0 [4] 180.0 187.5    192.5   192.5 [6] 300.0 315.0 315.0 300.0 [11]    802.5    3     105.149970    66
  9     John WORTEL                       2000 NED     18   92.65   0.131062 285.0 292.5   292.5    292.5 [8] 192.5 197.5    200.0   200.0 [5] 295.0 310.0 310.0 295.0 [13]    787.5    2     103.211325    81
 10     Shimon TSURUYA                    1997 JPN     1    92.20   0.131374 290.0 290.0   290.0    290.0 [9] 165.0 170.0    175.0   175.0 [14] 300.0 320.0 335.0 320.0 [7]    785.0    1     103.128590    83
 11     Daniel USSING                     1995 DEN     11   92.00   0.131514 260.0 275.0   282.5    282.5 [10] 172.5 182.5   190.0   182.5 [12] 292.5 312.5 322.5 312.5 [9]    777.5    1     102.252135    88
 12     Guilherme GORTZ                   1990 BRA     9    92.20   0.131374 270.0 287.5   295.0    295.0 [7] 160.0 165.0    170.0   165.0 [16] 275.0 290.0 302.5 290.0 [15]   750.0    1     98.530500     109
 13     Jose GONZALEZ                     1989 MEX     12   92.30   0.131305 260.0 260.0   277.5    277.5 [13] 155.0 157.5   162.5   162.5 [17] 280.0 300.0 305.0 300.0 [10]   740.0    1     97.165700     117
 14     Tak Kan DUNCAN LAW                2000 HKG     2    91.25   0.132043 237.5 245.0   260.0    260.0 [17] 170.0 177.5   185.0   185.0 [10] 250.0 265.0 275.0 275.0 [16]   720.0    1     95.070960     137
 15     Tom ZABEAU                        2003 BEL     13   90.55   0.132544 245.0 260.0   267.5    267.5 [15] 177.5 185.0   185.0   185.0 [9] 265.0 285.0 285.0 265.0 [19]    717.5    1     95.100320     136
 16     Airidas KLIMKA                    1998   LTU   5    91.85   0.131619 230.0 245.0   245.0    245.0 [20] 160.0 167.5   170.0   167.5 [15] 270.0 270.0 295.0 295.0 [12]   707.5    1     93.120443     147
 17     Ricards HIBSFELDS                 1998   LAT   3    92.90   0.130890 245.0 257.5   267.5    257.5 [18] 165.0 172.5   177.5   177.5 [13] 260.0 272.5 282.5 272.5 [17]   707.5    1     92.604675     150
 18     Danyil HAPON                      2002 POL     16   91.20   0.132079 250.0 260.0   265.0    260.0 [16] 145.0 152.5   157.5   152.5 [19] 270.0 285.0 292.5 292.5 [14]   705.0    1     93.115695     148
 19     Junwon CHOI                       1995 KOR     21   89.30   0.133456 270.0 285.0   285.0    270.0 [14] 152.5 160.0   165.0   160.0 [18] 270.0 282.5 282.5 270.0 [18]   700.0    1     93.419200     144
 20     Bandile KHUZWAYO                  1990 RSA     7    91.65   0.131760 230.0 247.5   255.0    247.5 [19] 130.0 137.5   142.5   142.5 [20] 245.0 260.0 287.5 260.0 [20]   650.0    1     85.644000     169
  -     Richmond BAIDEN                   2001 FRA     15   92.85   0.130924   X     X      X           -      X      X       X          -      X      X      X        -         -      -         -          -
Open - 105kg
  1    Anthony MCNAUGHTON                 2000 USA     25   103.95 0.124044 340.0 360.0    367.5    367.5 [2] 230.0 242.5    245.0   245.0 [1] 327.5 345.0 367.5 367.5 [5] 980.0 w     12     121.563120    4
  2     Anatolii NOVOPYSMENNYI            1996 UKR     7    99.60   0.126570 350.0 350.0   350.0    350.0 [3] 217.5 227.5    232.5   232.5 [2] 330.0 342.5 352.5 352.5 [7]     935.0    9     118.342950    7
  3     Regin STERGAKIS                   2002 DEN     3    104.70 0.123629 315.0 325.0    332.5    325.0 [7] 217.5 227.5    232.5   227.5 [3] 345.0 365.0 382.5 382.5 [2]     935.0    8     115.593115    15
  4     Emil NORLING                      1996 SWE     2    104.70 0.123629 320.0 340.0    345.0    340.0 [4] 210.0 215.0    217.5   217.5 [4] 355.0 370.0 375.0 375.0 [3]     932.5    7     115.284043    16
  5     Nathaniel MASSIAH                 2002 GBR     18   104.40 0.123794 300.0 320.0    330.0    330.0 [6] 197.5 207.5    210.0   210.0 [9] 345.0 367.5 382.5 382.5 [1]     922.5    6     114.199965    19
  6     Eliam TCHANDEU NOUNDOU            1999 FRA     15   104.45 0.123767 300.0 322.5    322.5    322.5 [8] 205.0 215.0    220.0   215.0 [7] 340.0 370.0 397.5 370.0 [4]     907.5    5     112.318553    25
  7     Diego Octavio SALGADO             2001 MEX     11   104.05 0.123989 290.0 307.5    315.0    315.0 [11] 200.0 207.5   215.0   215.0 [6] 310.0 337.5 350.0 350.0 [8]     880.0    4     109.110320    37
  8     Ilyes BENTALHA                    1993 ALG     24   104.70 0.123629 360.0 377.5 382.5 w     382.5 [1] 172.5 182.5    187.5   187.5 [16] 285.0 302.5 307.5 307.5 [16]   877.5    3     108.484448    41
  9     Imad HAMICH                       2002 BEL     13   104.75 0.123601 295.0 312.5    320.0    320.0 [10] 190.0 202.5   202.5   202.5 [10] 300.0 327.5 345.0 345.0 [10]   867.5    2     107.223868    51
 10     Bjarne DUECKER                    2001 GER     19   104.90 0.123519 305.0 315.0    322.5    322.5 [9] 205.0 212.5    217.5   217.5 [5] 300.0 315.0 327.5 327.5 [11]    867.5    1     107.152733    53
 11     Jonathan CELIS                    2000 BEL     23   103.95 0.124044 305.0 322.5    332.5    332.5 [5] 195.0 207.5    212.5   212.5 [8] 275.0 295.0 312.5 312.5 [14]    857.5    1     106.367730    61
 12     Ezeiel AMPONSAH                   2000 CAN     21   104.65 0.123656 282.5 295.0    307.5    295.0 [19] 180.0 187.5   190.0   187.5 [15] 322.5 347.5 357.5 357.5 [6]    840.0    1     103.871040    74
 13     Samuel FORSBERG                   1999 AUS     5    104.15 0.123933 272.5 290.0    302.5    302.5 [17] 172.5 180.0   182.5   180.0 [21] 312.5 332.5 350.0 350.0 [9]    832.5    1     103.174223    82
 14     Jacob SLUMP                       1999 NED     6    104.45 0.123767 285.0 297.5    302.5    302.5 [18] 190.0 197.5   202.5   197.5 [12] 325.0 340.0 340.0 325.0 [12]   825.0    1     102.107775    90
 15     Alexander KARASON                 1998   ISL   22   104.20 0.123905 280.0 302.5    315.0    315.0 [13] 200.0 200.0   210.0   200.0 [11] 285.0 307.5 320.0 307.5 [15]   822.5    1     101.911863    94
 16     Kenneth NWAEZEIGWE                1994   IRL   4    102.15 0.125065 275.0 292.5    302.5    302.5 [16] 182.5 192.5   197.5   192.5 [13] 297.5 310.0 320.0 320.0 [13]   815.0    1     101.927975    93
 17     Matthew HENRY                     1994   IRL   14   104.20 0.123905 275.0 295.0    315.0    315.0 [12] 175.0 182.5   190.0   182.5 [18] 290.0 305.0 315.0 305.0 [19]   802.5    1     99.433763     101
 18     Mata ERIK                         1996 HUN     1    104.80 0.123574 280.0 295.0    305.0    305.0 [15] 175.0 185.0   187.5   187.5 [17] 280.0 297.5 307.5 307.5 [17]   800.0    1     98.859200     104
 19     Rodrigo SANT'ANNA                 1994 BRA     8    104.70 0.123629 287.5 295.0    295.0    287.5 [20] 185.0 190.0   192.5   190.0 [14] 265.0 282.5 300.0 300.0 [21]   777.5    1     96.121548     128
Place                Name             YOB Team Lot Bd. Wt. Coeff. SQ1 SQ2             SQ3      SQ [PL] BP1       BP2     BP3     BP [PL] DL1      DL2    DL3 DL [PL]       Total Points IPF GL Points BL. RK.
 20     Martynas NORKUS               1997   LTU   16   101.00 0.125735 250.0 265.0   270.0    265.0 [24] 165.0 172.5    177.5   177.5 [23] 285.0 297.5 300.0 300.0 [20]   742.5    1     93.358238     145
 21     Dominic BOSS                  1999 SUI     26   104.00 0.124016 250.0 260.0   267.5    267.5 [23] 165.0 172.5    180.0   180.0 [20] 280.0 295.0 302.5 295.0 [22]   742.5    1     92.081880     151
 22     Vitor DE PAULA                1999 BRA     10    95.30 0.129278 260.0 270.0   275.0    275.0 [21] 162.5 172.5    177.5   177.5 [22] 240.0 260.0 287.5 287.5 [23]   740.0    1     95.665720     131
 23     Hynek FRANEK                  1995 CZE     12   103.40 0.124353 275.0 295.0   307.5    307.5 [14] 75.0   125.0   125.0   75.0 [26] 270.0 287.5 305.0 305.0 [18]    687.5    1     85.492688     170
 24     Siwoo JUNG                    1993 KOR     17    97.45 0.127896 245.0 252.5   257.5    257.5 [25] 142.5 145.0    150.0   150.0 [24] 240.0 247.5 252.5 240.0 [24]   647.5    1     82.812660     173
 25     Seungwan CHOI                 1994 KOR     9    104.55 0.123711 235.0 235.0   235.0    235.0 [26] 120.0 127.5    127.5   120.0 [25] 215.0 225.0 235.0 235.0 [25]   590.0    1     72.989490     178
  -     Patrik TOMKO                  1999 SVK     20   103.90 0.124072 245.0 260.0   275.0    275.0 [22] 165.0 175.0    180.0   180.0 [19] 330.0 350.0 350.0      -         -      -         -          -
Open - 120kg
  1    Rondel HUNTE                   1996 TTO     6    119.45 0.116479 330.0 350.0   370.0    370.0 [4] 235.0 245.0     260.0   260.0 [1] 355.0 370.0 400.0 370.0 [4] 1000.0 w     12    116.479000    13
  2     Joshua NGOKA                  2005 GBR     11   119.10 0.116629 345.0 360.0 372.5 wj   372.5 [3] 207.5 215.0     220.0   220.0 [9] 345.0 367.5 372.5 372.5 [2]     965.0    9     112.546985    23
  3     Joseph MCDONALD               2003 TTO     23   119.45 0.116479 320.0 340.0   350.0    350.0 [9] 235.0 245.0     252.5   245.0 [3] 340.0 360.0 370.0 370.0 [5]     965.0    8     112.402235    24
  4     Etienne EL CHAER              2000 LBN     19   119.40 0.116501 322.5 332.5   345.0    345.0 [10] 225.0 232.5    240.0   232.5 [5] 372.5 403.0 403.0 372.5 [3]     950.0    7     110.675950    28
  5     Ashton ROUSKA                 1997 USA     18   109.05 0.121326 362.5 388.0 393.0 w    393.0 [1] 187.5 195.0     200.0   200.0 [17] 342.5 362.5 367.5 342.5 [10]   935.5    6     113.500473    20
  6     Antoine DE ROHDEN             2000 FRA     9    119.50 0.116458 310.0 325.0   332.5    332.5 [13] 210.0 225.0    230.0   225.0 [7] 350.0 375.0 400.0 375.0 [1]     932.5    5     108.597085    40
  7     Jonah WIENDIECK               2000 GER     17   119.25 0.116565 322.5 342.5   352.5    342.5 [11] 245.0 252.5    255.0   252.5 [2] 310.0 330.0 332.5 332.5 [15]    927.5    4     108.114038    45
  8     Abdul Majeed SULAYMAN         1997 GBR     2    118.20 0.117018 330.0 360.0   365.0    365.0 [5] 205.0 215.0     220.0   220.0 [8] 340.0 370.0 375.0 340.0 [12]    925.0    3     108.241650    44
  9     Mohamed SAHAD                 1987 ALG     13   118.70 0.116801 360.0 375.0   375.0    375.0 [2] 212.5 222.5     225.0   225.0 [6] 325.0 340.0 340.0 325.0 [16]    925.0    2     108.040925    46
 10     Taras MELNYCHUK               2001 UKR     16   119.30 0.116543 330.0 350.0   360.0    330.0 [14] 230.0 235.0    240.0   240.0 [4] 325.0 350.0 367.5 350.0 [9]     920.0    1     107.219560    52
 11     Baruch SEKENOFSKY             1993 ISR     3    119.35 0.116522 330.0 347.5   355.0    355.0 [6] 195.0 205.0     212.5   205.0 [15] 320.0 337.5 345.0 337.5 [13]   897.5    1     104.578495    68
 12     Lucas WISEMAN                 1999 CAN     24   119.30 0.116543 330.0 337.5   362.5    337.5 [12] 175.0 175.0    187.5   187.5 [21] 345.0 367.5 375.0 367.5 [6]    892.5    1     104.014628    72
 13     Jesper VOGELIUS               2000 DEN     26   118.70 0.116801 330.0 345.0   350.0    350.0 [8] 200.0 207.5     212.5   212.5 [14] 300.0 307.5 312.5 312.5 [19]   875.0    1     102.200875    89
 14     Laurits Enemark DUE           2002 DEN     5    118.40 0.116931 295.0 315.0   325.0    315.0 [15] 175.0 187.5    192.5   192.5 [19] 340.0 365.0 367.5 365.0 [7]    872.5    1     102.022298    92
 15     Ayuto MOTOKI                  1997 JPN     4    115.60 0.118175 310.0 330.0   350.0    350.0 [7] 197.5 207.5     215.0   215.0 [11] 250.0 275.0 285.0 285.0 [25]   850.0    1     100.448750    98
 16     Heath GRAHAM                  2002 NZL     8    118.35 0.116953 295.0 295.0   310.0    295.0 [21] 202.5 212.5    215.0   215.0 [12] 305.0 322.5 332.5 332.5 [14]   842.5    1     98.532903     108
 17     Joseph PENCO                  2000 IRL     21   112.95 0.119407 280.0 295.0   305.0    305.0 [18] 167.5 167.5    172.5   172.5 [25] 320.0 345.0 355.0 355.0 [8]    832.5    1     99.406328     103
 18     Cseszko KRISZTIAN             1999 HUN     12   119.40 0.116501 280.0 297.5   305.0    305.0 [20] 175.0 180.0    185.0   185.0 [23] 320.0 342.5 360.0 342.5 [11]   832.5    1     96.987083     118
 19     Daniele POLA                  1997   SUI   7    118.80 0.116758 290.0 307.5   325.0    307.5 [17] 200.0 215.0    222.5   215.0 [13] 280.0 300.0 307.5 307.5 [21]   830.0    1     96.909140     119
 20     Maris JUZUPS                  1988   LAT   10   118.95 0.116693 305.0 320.0   320.0    305.0 [19] 210.0 217.5    222.5   217.5 [10] 285.0 295.0 300.0 295.0 [23]   817.5    1     95.396528     134
 21     Helgi SIGURDSSON              2002   ISL   1    118.05 0.117083 280.0 302.5   312.5    312.5 [16] 182.5 187.5    200.0   187.5 [20] 300.0 315.0 325.0 315.0 [18]   815.0    1     95.422645     133
 22     Mark STELL                    1999 IRL     14   107.40 0.122179 250.0 265.0   265.0    265.0 [23] 180.0 190.0    200.0   200.0 [16] 275.0 295.0 317.5 317.5 [17]   782.5    1     95.605068     132
 23     Simon RAW                     1994 RSA     20   118.10 0.117061 245.0 257.5   257.5    245.0 [25] 190.0 197.5    197.5   197.5 [18] 290.0 305.0 310.0 310.0 [20]   752.5    1     88.088403     166
 24     Thomas THOMA                  1988 SUI     22   112.90 0.119431 250.0 262.5   270.0    270.0 [22] 170.0 180.0    185.0   185.0 [22] 270.0 290.0 300.0 290.0 [24]   745.0    1     88.976095     163
 25     Rubeni KARKUSASHVILI          1979 GEO     15   119.95 0.116267 260.0 270.0   280.0    260.0 [24] 170.0 182.5    182.5   182.5 [24] 280.0 292.5 300.0 300.0 [22]   742.5    1     86.328248     167
Open - 120+Kg
  1     Jesus OLIVARES                1998 USA     19   186.10 0.098518 430.0 450.0   460.0    460.0 [1] 235.0 250.0     257.5   257.5 [4] 377.5 392.5 392.5 377.5 [2]     1095.0   12    107.877210    48
  2     Viktor HOLINEI                2000 UKR     20   179.20 0.099708 380.0 390.0   405.0    405.0 [8] 265.0 277.5     282.5   277.5 [1] 327.5 350.0 360.0 360.0 [5]     1042.5    9    103.945590    73
  3     Ajay SHARMA                   1997 GBR     15   161.40 0.103320 390.0 415.0   432.5    432.5 [2] 222.5 235.0     245.0   245.0 [6] 330.0 355.0 365.0 355.0 [7]     1032.5   8     106.677900    59
  4     Temur SAMKHARADZE             2001 GEO     3    155.60 0.104696 400.0 420.0   432.5    420.0 [4] 210.0 210.0     220.0   220.0 [13] 390.0 413.5 413.5 390.0 [1]    1030.0   7     107.836880    49
  5     Ray BOWRING                   2002 GBR     17   159.20 0.103829 380.0 400.0   420.0    420.0 [5] 227.5 237.5     245.0   245.0 [5] 340.0 365.0 372.5 365.0 [4]     1030.0   6     106.943870    56
  6     Yi-Chiu WU                    2000 TPE     24   138.20 0.109573 360.0 385.0   400.0    385.0 [12] 200.0 212.5    220.0   220.0 [12] 340.0 365.0 372.5 372.5 [3]     977.5   5     107.107608    54
  7     Pei-Yu WANG                   1998 TPE     8    149.60 0.106242 360.0 380.0   390.0    380.0 [13] 210.0 222.5    230.0   230.0 [9] 320.0 345.0 355.0 355.0 [6]     965.0    4     102.523530    86
  8     Markus PATSCHKE               1988 GER     13   174.60 0.100562 365.0 365.0   380.0    380.0 [14] 245.0 252.5    257.5   257.5 [2] 300.0 315.0 315.0 315.0 [14]    952.5    3     95.785305     130
  9     Sergio Hernan MARDONES MEZA   1989 CHI     21   182.70 0.099091 365.0 405.0   420.0    420.0 [6] 185.0 205.0     222.5   222.5 [11] 265.0 290.0 310.0 310.0 [16]   952.5    2     94.384178     141
 10     Nuutti MANSUKOSKI             2000   FIN   12   167.70 0.101943 330.0 365.0   402.5    402.5 [9] 200.0 217.5     225.0   225.0 [10] 320.0 360.0 360.0 320.0 [13]   947.5    1     96.590993     122
 11     Bjorn Andre SUTTERUD WESTBYE 2001 NOR      22   167.10 0.102069 375.0 395.0   410.0    410.0 [7] 200.0 210.0     217.5   210.0 [17] 305.0 325.0 340.0 325.0 [12]   945.0    1     96.455205     124
 12     Tony REINMUTH                1989 AUS      5    184.00 0.098869 380.0 405.0   422.5    422.5 [3] 205.0 212.5     220.0   220.0 [14] 300.0 300.0 312.5 300.0 [19]   942.5    1     93.184033     146
Place                     Name                 YOB Team Lot Bd. Wt. Coeff. SQ1 SQ2               SQ3     SQ [PL] BP1        BP2   BP3     BP [PL] DL1      DL2    DL3 DL [PL]       Total Points IPF GL Points BL. RK.
  13       Alexis SOARES                        1991 FRA    11    151.40 0.105764 340.0 357.5    370.0   370.0 [15] 225.0 235.0   242.5   235.0 [7] 300.0 325.0 335.0 335.0 [9]     940.0    1     99.418160     102
  14       Torben VOIGT                         2000 GER    7     155.60 0.104696 370.0 387.5    400.0   400.0 [11] 220.0 235.0   242.5   235.0 [8] 280.0 300.0 312.5 300.0 [18]    935.0    1     97.890760     114
  15       Martin SIMONSEN                      1999 DEN    4     177.90 0.099944 335.0 355.0    370.0   370.0 [16] 232.5 247.5   257.5   257.5 [3] 275.0 302.5 305.0 275.0 [22]    902.5    1     90.199460     158
  16       Abdeslam LEKHAL                      1998 ALG    23    137.15 0.109909 400.0 420.0    420.0   400.0 [10] 170.0    X     X      170.0 [22] 325.0 360.0 360.0 325.0 [11]   895.0    1     98.368555     110
  17       Marc RIUDALBAS CLEMENTE              1994 ESP    9     130.40 0.112202 285.0 297.5    307.5   307.5 [20] 200.0 212.5   220.0   212.5 [16] 300.0 325.0 337.5 337.5 [8]    857.5    1     96.213215     126
  18       Giel HENDRIKS                        2002 BEL    10    155.20 0.104795 317.5 342.5    352.5   342.5 [18] 185.0 197.5   205.0   205.0 [18] 310.0 335.0 335.0 310.0 [15]   857.5    1     89.861713     160
  19       Jacek JUSZCZYK                       1994 POL    1     136.50 0.110119 305.0 325.0    332.5   332.5 [19] 205.0 215.0   222.5   215.0 [15] 290.0 305.0 312.5 305.0 [17]   852.5    1     93.876448     142
  20       Didzis BERZINS                       1983 LAT    18    150.70 0.105948 280.0 300.0    300.0   300.0 [21] 185.0 192.5   192.5   185.0 [20] 290.0 305.0 305.0 290.0 [20]   775.0    1     82.109700     174
  21       Tadas GECAS                          1977 LTU    6     140.15 0.108963 257.5 X          X     257.5 [23] 165.0 175.0     X     175.0 [21] 330.0 355.0 355.0 330.0 [10]   762.5    1     83.084288     172
  22       Masaya INOUE                         1994 JPN    14    147.45 0.106828 317.5 335.0    342.5   342.5 [17] 170.0 180.0   180.0   170.0 [23] 250.0 275.0 277.5 250.0 [23]   762.5    1     81.456350     177
  23       Robert RAW                           1987 RSA    2     139.00 0.109320 270.0 282.5    282.5   282.5 [22] 175.0 185.0   192.5   192.5 [19] 275.0 287.5 287.5 275.0 [21]   750.0    1     81.990000     175


Best Lifter - Open
  Place                   Name                 Team    Wt.Cat.          Bd.Wt.          Coeff.      Total         IPF GL Points
       1      Austin PERKINS                   USA         74kg          73.30       0.147536       891.5           131.528344
       2      Ade OMISAKIN                     GBR         83kg          82.50       0.138850       882.5           122.535125
       3      William BALL                     USA         93kg          91.40       0.131937       927.5           122.371568


Team Championship - Open
   Place                               Team                              Points         Best Points             IPF GL Points
       1        United States of America                                   57       12+12+12+12+9                 602.331230
       2        Great Britain                                              46       12+9+9+8+8                    576.869810
       3        France                                                     28       9+8+5+5+1                     543.970331
       4        Chinese Taipei                                             27       8+6+5+4+4                     533.101710
       5        Canada                                                     26       7+6+6+4+3                     554.869715
       6        Spain                                                      22       12+5+3+1+1                    529.782533
       7        Trinidad and Tobago                                        20       12+8                          228.881235
       8        Japan                                                      20       8+6+4+1+1                     523.692748
       9        Ukraine                                                    19       9+9+1                         329.508100
       10       Algeria                                                    14       7+3+2+1+1                     540.160791
       11       Norway                                                     13       12+1                          214.384695
       12       Denmark                                                    12       8+1+1+1+1                     525.858798
       13       Australia                                                  12       6+3+1+1+1                     501.587978
       14       Sweden                                                     11       7+4                           225.907498
       15       Georgia                                                    10       7+1+1+1                       383.130088
       16       Germany                                                    10       4+3+1+1+1                     513.491424
       17       United States Virgin Islands                                9       9                             111.636525
       18       Hungary                                                     9       7+1+1                         311.891385
       19       Netherlands                                                 9       5+2+1+1                       402.310368
       20       Bulgaria                                                    8       8                             117.721485
       21       Brazil                                                      8       4+1+1+1+1                     504.772236
       22       Singapore                                                   8       3+2+1+1+1                     509.566045
       23       Lebanon                                                     7       7                             110.675950
       24       Ghana                                                       7       7                             104.404705
       25       Mexico                                                      7       4+2+1                         301.268655
       26       Ireland                                                     7       3+1+1+1+1                     510.373236
Team Championship - Open
     Place                        Team          Points         Best Points           IPF GL Points
      27     Belgium                                  6    2+1+1+1+1                   502.216931
      28     Switzerland                              6    2+1+1+1+1                   498.684135
      29     Cyprus                                   5    5                           109.623443
      30     Greece                                   5    5                           106.076250
      31     Ecuador                                  5    5                            98.590905
      32     Lithuania                                5    1+1+1+1+1                   463.827484
      33     New Zealand                              5    1+1+1+1+1                   460.049006
      34     Poland                                   4    1+1+1+1                     380.802216
      35     Latvia                                   4    1+1+1+1                     361.389783
      36     Italy                                    3    1+1+1                       301.163025
      37     Iceland                                  3    1+1+1                       294.034513
      38     Czechia                                  3    1+1+1                       285.209098
      39     South Africa                             3    1+1+1                       255.722403
      40     South Korea                              3    1+1+1                       249.221350
      41     Austria                                  2    2                           101.774400
      42     Chile                                    2    2                            94.384178
      43     Qatar                                    2    1+1                         200.035110
      44     Romania                                  1    1                           106.947610
      45     Israel                                   1    1                           104.578495
      46     China                                    1    1                           103.285310
      47     Kuwait                                   1    1                           100.257713
      48     Finland                                  1    1                           96.590993
      49     Hong Kong, China                         1    1                           95.070960
      50     Puerto Rico                              1    1                           88.679355
      51     Portugal                                 1    1                           85.727690
      52     Slovenia                                 1    1                           83.182800
       -     Croatia                                  -    -                               -
       -     Slovakia                                 -    -                               -


                                                                             List of Records

 #                         Name          YOB    Sex       Team         Bd. Wt.          Division     Wt. Class              Event   Result     Date
 1 Michael SLABIC                        2003   Men       USA           58.70       Open               59kg      Deadlift           303.0    13-06-2026
 2 Chun-Chia FAN                         1999   Men       TPE           73.65       Open               74kg      Bench Press        216.0    15-06-2026
 3 Austin PERKINS                        1999   Men       USA           73.30       Open               74kg      Deadlift           344.0    15-06-2026
 4 Enahoro ASEIN                         1999   Men       HUN           82.45       Open               83kg      Deadlift           383.0    16-06-2026
 5 William BALL                          2006   Men       USA           91.40       Open               93kg      Total              927.5    17-06-2026
 6 Ilyes BENTALHA                        1993   Men       ALG          104.70       Open               105kg     Squat              382.5    18-06-2026
 7 Anthony MCNAUGHTON                    2000   Men       USA          103.95       Open               105kg     Total              980.0    18-06-2026
 8 Ashton ROUSKA                         1997   Men       USA          109.05       Open               120kg     Squat              393.0    20-06-2026
 9 Rondel HUNTE                          1996   Men       TTO          119.45       Open               120kg     Total              1000.0   20-06-2026


Abbreviations:
ALG = Algeria   AUS = Australia    AUT = Austria   BEL = Belgium    BRA = Brazil    BUL = Bulgaria     CAN = Canada      CHI = Chile   CHN = China    TPE = Chinese Taipei   CRO =
Croatia   CYP = Cyprus      CZE = Czechia   DEN = Denmark       ECU = Ecuador     FIN = Finland     FRA = France     GEO = Georgia    GER = Germany     GHA = Ghana     GBR = Great
Britain  GRE = Greece       HKG = Hong Kong, China    HUN = Hungary     ISL = Iceland    IRL = Ireland    ISR = Israel  ITA = Italy  JPN = Japan   KUW = Kuwait     LAT = Latvia   LBN =
Lebanon     LTU = Lithuania   MEX = Mexico      NED = Netherlands   NZL = New Zealand       NOR = Norway       POL = Poland     POR = Portugal  PUR = Puerto Rico    QAT = Qatar    ROU =
Romania     SGP = Singapore     SVK = Slovakia    SLO = Slovenia    RSA = South Africa    KOR = South Korea       ESP = Spain     SWE = Sweden    SUI = Switzerland  TTO = Trinidad and
Tobago    TUR = Turkiye     UKR = Ukraine   USA = United States of America    ISV = United States Virgin Islands
